	(1)	(2)	(3)	(4)	(5)
VARIABLES	N	mean	sd	min	max
					
v1	916	458.5	264.6	1	916
yr	916	2,012	3.993	2,006	2,018
area	916	37.40	52.86	3.580	468.7
count	916	18,158	55,162	290	827,884
nIndv	916	16,914	52,944	252	816,704
nCorp	916	461.3	1,723	0	16,809
nIndvTech	916	2,208	6,606	17	90,506
nIndvBigTech	916	230.3	878.2	0	11,875
nCorpBigTech	916	34.14	219.7	0	5,636
nDemRec	916	8,389	30,438	39	584,847
nRepRec	916	1,263	2,994	8	35,343
nIndRec	916	174.5	943.7	0	19,914
nComRec	916	11,885	35,655	208	570,116
nGen	916	0.0516	0.0795	0	0.429
aTot	916	1.050e+07	5.052e+07	9,282	7.563e+08
aIndv	916	4.156e+06	1.957e+07	9,282	2.437e+08
aCorp	916	2.120e+06	1.395e+07	0	3.030e+08
aIndvBigTech	916	44,766	211,526	0	2.589e+06
aIndvTech	916	397,686	1.556e+06	-100,063	2.004e+07
aCorpTech	916	18,553	100,757	0	1.393e+06
aDemRec	916	2.755e+06	1.310e+07	2,349	1.429e+08
aRepRec	916	1.548e+06	5.888e+06	722.3	7.362e+07
aIndRec	916	527,228	5.721e+06	-229	1.315e+08
aComRec	916	7.615e+06	3.895e+07	5,737	6.266e+08
aGen	916	395,683	3.223e+06	-2,426	6.958e+07
meanCFCont	916	-0.616	0.438	-1.616	0.907
sdCFCont	916	0.915	0.186	0.351	1.542
meanCFCand	916	-0.391	0.348	-1.210	0.888
sdCFCand	916	-0.391	0.348	-1.210	0.888
meanCFDiff	916	-0.0462	0.0287	-0.163	0.0566
sdCFDiff	916	0.270	0.0673	0.0820	0.486
vReg	916	2.173e+06	2.897e+06	367,929	3.408e+07
vTurn	916	1.361e+06	1.830e+06	109,896	2.102e+07
popDen	916	134,171	320,573	931.4	3.990e+06
SE_A00003_001	916	41.12	59.37	3.509	502.7
SE_A00003_002	916	37.01	52.76	3.509	469.1
SE_A00003_003	916	4.107	17.43	0	185.2
SE_A02002_002	916	89,591	181,016	28,998	1.995e+06
SE_A02002_003	916	6,327	12,318	687	146,203
SE_A02002_004	916	6,070	11,272	930	126,660
SE_A02002_005	916	6,206	11,357	819	139,548
SE_A02002_006	916	3,800	6,932	471	80,257
SE_A02002_007	916	9,612	20,266	914	220,136
SE_A02002_008	916	14,553	32,527	1,952	379,769
SE_A02002_009	916	13,075	28,037	2,312	310,757
SE_A02002_010	916	11,964	24,138	2,103	271,871
SE_A02002_011	916	9,088	17,994	1,160	217,902
SE_A02002_012	916	5,201	10,217	392	134,233
SE_A02002_013	916	2,709	5,429	143	60,615
SE_A02002_014	916	985.7	2,087	0	25,545
SE_A02002_015	916	91,063	182,589	29,179	2.016e+06
SE_A02002_016	916	6,052	11,808	446	141,681
SE_A02002_017	916	5,814	10,901	886	125,335
SE_A02002_018	916	5,903	10,955	925	130,407
SE_A02002_019	916	3,621	6,734	401	79,058
SE_A02002_020	916	9,212	19,504	835	215,226
SE_A02002_021	916	13,833	30,419	1,619	352,769
SE_A02002_022	916	12,830	26,351	2,842	291,218
SE_A02002_023	916	12,133	23,827	2,897	264,747
SE_A02002_024	916	9,818	19,721	1,107	234,044
SE_A02002_025	916	6,194	12,429	662	161,377
SE_A02002_026	916	3,748	7,556	228	86,447
SE_A02002_027	916	1,904	3,828	0	45,432
age5p	916	168,275	339,751	56,206	3.762e+06
age10p	916	156,391	317,874	50,106	3.543e+06
age15p	916	144,282	295,987	44,794	3.316e+06
age18p	916	136,861	282,633	41,150	3.186e+06
age20p	916	131,698	272,229	38,621	3.081e+06
age21p	916	128,910	266,453	37,006	3.022e+06
age22p	916	126,168	260,785	36,079	2.966e+06
age25p	916	118,037	243,417	32,216	2.785e+06
age30p	916	103,498	211,269	26,595	2.405e+06
age35p	916	89,651	180,718	21,886	2.052e+06
age40p	916	76,409	152,620	17,239	1.746e+06
age45p	916	63,746	126,640	12,655	1.478e+06
age50p	916	51,335	102,088	7,948	1.217e+06
age55p	916	39,649	78,956	5,674	964,373
age60p	916	29,355	58,589	3,663	725,516
age62p	916	25,600	51,029	2,766	633,038
age65p	916	20,743	41,345	1,773	512,427
age67p	916	17,853	35,568	1,551	441,138
age70p	916	14,183	28,326	1,254	342,248
age75p	916	9,348	18,820	645	216,817
age80p	916	5,688	11,548	335	130,989
age85p	916	2,890	5,898	66	69,755
SE_A01004_001	916	35.18	4.291	24.60	50.70
SE_A01004_002	916	34.02	4.197	22.60	47.90
SE_A01004_003	916	36.37	4.516	24.30	53.90
SE_A10008_001	916	59,808	125,893	13,733	1.382e+06
SE_A10008_002	916	39,933	75,315	11,108	823,799
SE_A10008_003	916	27,952	49,270	6,628	531,499
SE_A10008_004	916	11,981	26,482	1,564	301,434
SE_A10008_005	916	3,649	8,254	324	94,618
SE_A10008_006	916	8,332	18,266	689	207,462
SE_A10008_007	916	19,875	51,408	1,360	564,674
SE_A10008_008	916	9,531	25,760	148	280,117
SE_A10008_009	916	10,344	25,685	553	284,557
SE_A10024_001	916	59,808	125,893	13,733	1.382e+06
SE_A10024_002	916	15,096	38,549	735	421,527
SE_A10024_003	916	17,300	36,314	1,692	403,076
SE_A10024_004	916	9,898	19,306	1,873	215,361
SE_A10024_005	916	8,971	16,594	2,029	182,425
SE_A10024_006	916	4,720	8,915	330	99,146
SE_A10024_007	916	2,130	4,067	46	45,803
SE_A10024_008	916	1,694	3,525	0	46,373
SE_A10002B_001	916	29,663	77,550	2,803	884,311
SE_A10002B_002	916	9,096	27,580	62	312,521
SE_A10002B_003	916	7,783	20,996	357	244,127
SE_A10002B_004	916	4,736	11,191	123	128,213
SE_A10002B_005	916	3,935	9,125	255	105,607
SE_A10002B_006	916	2,266	5,284	0	61,165
SE_A10002B_007	916	1,049	2,399	0	29,418
SE_A10002B_008	916	798.5	1,815	0	23,166
SE_A10022_001	916	59,808	125,893	13,733	1.382e+06
SE_A10022_002	916	21,300	39,410	5,291	442,010
SE_A10022_003	916	19,131	35,037	5,008	398,952
SE_A10022_004	916	4,114	7,819	520	86,499
SE_A10022_005	916	4,091	7,640	221	93,338
SE_A10022_006	916	10,926	19,761	2,784	219,940
SE_A10022_007	916	2,169	4,487	0	53,733
SE_A10022_008	916	38,507	87,323	4,463	994,290
SE_A10005B_001	916	29,663	77,550	2,803	884,311
SE_A10005B_002	916	10,776	24,032	1,058	273,434
SE_A10005B_003	916	9,872	21,769	1,058	246,852
SE_A10005B_004	916	2,362	5,011	0	56,611
SE_A10005B_005	916	2,414	5,357	27	62,495
SE_A10005B_006	916	5,096	11,532	575	133,137
SE_A10005B_007	916	903.8	2,308	0	28,643
SE_A10005B_008	916	18,888	54,167	1,606	634,764
SE_A10009_001	916	59,808	125,893	13,733	1.382e+06
SE_A10009_002	916	21,554	39,866	5,326	448,766
SE_A10009_003	916	21,396	39,599	5,291	444,850
SE_A10009_004	916	14,201	24,580	3,647	276,971
SE_A10009_005	916	7,195	15,316	530	178,596
SE_A10009_006	916	1,991	4,280	35	49,310
SE_A10009_007	916	5,203	11,070	315	130,277
SE_A10009_008	916	157.6	302.0	0	3,916
SE_A10009_009	916	101.4	206.1	0	2,775
SE_A10009_010	916	56.28	123.8	0	1,398
SE_A10009_011	916	38,254	86,887	4,326	990,888
SE_A10009_012	916	18,537	36,129	2,668	428,103
SE_A10009_013	916	13,751	24,963	1,528	287,846
SE_A10009_014	916	4,786	11,354	333	140,257
SE_A10009_015	916	1,657	4,041	42	50,490
SE_A10009_016	916	3,129	7,339	215	90,247
SE_A10009_017	916	19,717	51,154	1,336	562,785
SE_A10009_018	916	9,430	25,601	148	278,989
SE_A10009_019	916	10,288	25,590	553	283,796
SE_A10010_002	916	36,911	72,148	2,520	773,902
SE_A03001B_002	916	16,715	40,082	654	453,918
SE_A03001B_010	916	10,332	30,668	308	364,015
SE_A10023_002	916	17,391	43,217	902	508,869
SE_A10023_003	916	42,416	85,162	641	875,381
SE_A10020_002	916	2,260	5,444	0	60,222
SE_A10020_003	916	10,516	24,502	680	262,650
SE_A10020_004	916	12,611	26,989	2,640	307,221
SE_A10020_005	916	12,621	25,543	2,617	282,155
SE_A10020_006	916	5,486	11,100	524	128,562
SE_A10020_007	916	4,650	9,509	243	115,682
SE_A10020_008	916	6,359	12,860	555	166,591
SE_A10020_009	916	3,674	7,483	145	83,208
SE_A10020_010	916	1,630	3,401	0	40,582
SE_A01003B_002	916	2,075	5,161	0	57,656
SE_A01003B_003	916	7,903	20,867	208	229,383
SE_A01003B_004	916	6,991	18,214	395	199,007
SE_A01003B_005	916	5,435	14,247	175	169,241
SE_A01003B_006	916	1,988	5,476	43	68,162
SE_A01003B_007	916	1,579	4,401	0	58,343
SE_A01003B_008	916	1,980	5,491	0	73,453
SE_A01003B_009	916	1,128	3,034	0	34,697
SE_A01003B_010	916	585.1	1,346	0	16,806
SE_A10003_001	916	3.088	0.520	1.810	4.770
SE_A10003B_001	916	3.034	0.564	1.580	4.810
SE_A11001_002	916	55,281	131,408	10,460	1.522e+06
SE_A11001_003	916	65,038	117,944	16,661	1.290e+06
SE_A11001_004	916	3,393	8,332	157	102,599
SE_A11001_005	916	7,132	14,185	1,131	158,769
SE_A11001_006	916	13,438	25,486	1,613	272,139
aggIncome	916	5.203e+09	1.078e+10	5.397e+08	1.330e+11
medIncome	916	48,088	17,225	19,355	137,024
SE_A14021_001	916	1.253e+09	3.456e+09	2.886e+07	4.146e+10
SE_A14023_001	916	5.449e+09	1.134e+10	5.949e+08	1.400e+11
aggIncomeWhite	916	3.544e+09	7.441e+09	1.395e+08	8.895e+10
aggIncomeLatino	916	1.192e+09	2.635e+09	8.952e+07	3.753e+10
SE_A10011_002	916	49,262	104,269	11,651	1.153e+06
SE_A10011_003	916	10,546	21,834	945	243,822
SE_A10019_002	916	46,811	96,946	10,820	1.063e+06
SE_A10019_003	916	12,997	29,180	1,386	330,518
SE_A10016_002	916	8,293	22,158	1,070	270,875
SE_A10016_003	916	51,515	104,028	11,964	1.121e+06
SE_A10012_002	916	12,551	25,263	248	257,766
SE_A10012_003	916	47,257	101,740	7,552	1.148e+06
SE_A10017_002	916	14,050	26,777	1,845	316,077
SE_A10017_003	916	45,757	99,283	11,247	1.069e+06
SE_A10018_002	916	3,544	8,272	72	95,961
SE_A10018_003	916	56,263	117,871	12,196	1.286e+06
SE_A10014_002	916	2,177	5,157	0	65,522
SE_A10014_003	916	57,631	121,028	12,138	1.335e+06
SE_A10015_002	916	8,380	13,176	814	134,670
SE_A10015_003	916	51,428	113,136	12,661	1.257e+06
SE_A10013_002	916	7,138	13,449	852	172,238
SE_A10013_003	916	52,670	112,929	11,593	1.280e+06
incomePC	916	30,233	12,641	9,104	96,705
SE_A14026_001	916	29,438	10,040	12,390	77,013
SE_A14026_002	916	54,614	18,267	24,020	144,252
SE_A14026_003	916	83,672	26,545	36,714	205,113
SE_A14026_004	916	127,618	39,002	54,478	258,215
SE_A14026_005	916	201,582	47,949	92,911	702,742
meanQ1Inc	916	16,225	5,582	4,260	39,876
meanQ2Inc	916	41,828	14,083	18,653	102,127
meanQ3Inc	916	68,421	22,295	30,106	174,713
meanQ4Inc	916	103,525	32,662	44,835	273,609
meanQ5Inc	916	203,393	73,702	84,283	648,477
mean5pInc	916	327,505	138,159	125,111	1.114e+06
SE_A14025_001	916	3.804	0.799	1.230	6.350
SE_A14025_002	916	9.680	1.202	5.930	13.20
SE_A14025_003	916	15.81	1.247	11.47	18.60
SE_A14025_004	916	23.97	1.032	19.60	26.73
SE_A14025_005	916	46.74	3.684	38.72	59.45
SE_A14025_006	916	18.67	3.059	11.90	30.60
gini	916	0.430	0.0417	0.329	0.562
SE_A10060_001	916	59,808	125,893	13,733	1.382e+06
SE_A10060_002	916	30,144	49,380	4,564	509,223
SE_A10060_003	916	29,663	77,550	2,803	884,311
SE_A10044_001	916	64,041	135,518	14,259	1.503e+06
SE_A10044_002	916	59,808	125,893	13,733	1.382e+06
SE_A10044_003	916	4,234	9,851	85	120,393
SE_A10032_002	911	37,819	62,472	9,324	651,446
SE_A10032_003	911	33,014	53,544	8,080	559,550
SE_A10032_004	911	4,805	9,941	69	91,896
SE_A10032_005	911	1,795	5,180	0	45,061
SE_A10032_006	911	4,167	8,923	0	94,650
SE_A10032_007	911	4,806	12,334	99	130,743
SE_A10032_008	911	4,270	13,030	0	146,128
SE_A10032_009	911	4,182	17,115	0	197,922
SE_A10032_010	911	5,716	19,048	0	233,940
SE_A10032_011	911	1,456	1,699	0	11,772
SE_A10032_012	911	44.21	101.0	0	1,120
SE_A10050_002	916	2,592	11,391	0	142,831
SE_A10050_003	916	9,719	30,911	312	350,902
SE_A10050_004	916	17,032	39,652	1,876	437,230
SE_A10050_005	916	18,430	29,818	3,279	316,153
SE_A10050_006	916	9,590	13,198	347	125,930
SE_A10050_007	916	2,444	3,938	0	41,120
SE_A10042B_002	916	2,419	10,976	0	137,934
SE_A10042B_003	916	8,910	28,810	209	328,041
SE_A10042B_004	916	11,269	27,179	724	311,886
SE_A10042B_005	916	5,133	8,900	380	99,822
SE_A10042B_006	916	1,587	2,414	0	24,152
SE_A10042B_007	916	345.1	640.7	0	6,619
SE_A10057_001	916	1,974	12.35	1,939	2,001
medianHomeValue	916	491,358	244,711	112,900	2.000e+06
SE_A18003_001	916	33.56	4.297	21.70	51
aggRent	916	3.972e+07	1.027e+08	4.150e+06	1.371e+09
move2005p	916	1,427	406.8	756	3,324
move2000t04	916	1,309	371.9	640	3,058
SE_A10037_001	916	24.55	3.382	15.20	37.10
SE_A10037_002	916	28.31	3.795	19.40	44.40
SE_A10037_003	916	11.05	1.800	6.700	19.70
SE_A10027_002	916	171.5	361.9	0	4,382
SE_A10027_003	916	525.0	881.3	0	10,053
SE_A10027_004	916	1,558	3,237	0	35,470
SE_A10027_005	916	1,617	2,869	64	34,662
SE_A10027_006	916	1,676	3,285	0	43,420
SE_A10027_007	916	1,765	3,878	0	59,015
SE_A10027_008	916	1,944	4,895	64	81,622
SE_A10027_009	916	2,319	6,149	81	92,537
SE_A10027_010	916	2,712	7,054	77	96,284
SE_A10027_011	916	2,964	7,581	61	91,376
SE_A10027_012	916	13,515	30,327	953	357,699
SE_A10027_013	916	10,205	20,109	1,507	270,504
SE_A10027_014	916	14,176	30,165	277	353,979
SE_A10027_015	916	2,039	6,433	0	117,604
SE_A13003A_001	914	43,224	80,980	9,326	945,831
SE_A13003A_002	914	9,071	23,509	35	289,822
SE_A13003A_003	914	34,153	58,529	7,066	685,418
SE_A13003B_001	914	114,503	237,419	32,042	2.622e+06
SE_A13003B_002	914	15,857	41,778	651	523,603
SE_A13003B_003	914	98,646	196,781	26,821	2.238e+06
SE_A13003C_001	914	20,274	40,413	1,773	501,821
SE_A13003C_002	914	2,199	6,015	0	81,291
SE_A13003C_003	914	18,075	34,540	1,588	420,530
nWorkersOutside	916	78,800	163,641	18,798	1.876e+06
travel0t9	916	6,998	11,602	759	132,967
travel10t19	916	22,546	40,797	2,868	414,990
travel20t29	916	16,387	35,033	1,540	356,687
travel30t39	916	14,325	36,154	825	445,196
travel40t59	916	9,810	23,761	345	310,047
travel60t89	916	6,047	14,556	240	198,499
travel90p	916	2,687	5,381	108	74,162
SE_A09002_002	916	1,243	2,281	0	29,650
SE_A09002_003	916	15,991	26,805	1,954	286,625
SE_A09002_004	916	28,696	58,258	3,714	583,860
SE_A09002_005	916	17,597	44,310	952	556,524
SE_A09002_006	916	6,539	15,569	291	198,719
SE_A09002_007	916	6,047	14,556	240	198,499
SE_A09002_008	916	2,687	5,381	108	74,162
SE_A10030_003	916	17,808	46,110	417	533,611
SE_A10030_004	916	21,549	42,591	3,025	527,047
SE_A10030_005	916	10,442	20,851	937	432,708
SE_A10030_006	916	3,788	6,991	304	138,781
SE_A10030_007	916	1,542	2,760	0	45,340
SE_A10054B_002	916	4,442	15,628	40	164,366
SE_A10054B_003	916	12,884	36,287	680	410,344
SE_A10054B_004	916	9,117	20,961	1,047	244,892
SE_A10054B_005	916	2,302	4,555	76	63,909
SE_A10054B_006	916	661.8	1,239	0	16,471
SE_A10054B_007	916	256.1	540.4	0	5,826
SE_A16002_001	916	136,409	281,810	41,150	3.185e+06
SE_A16002_002	916	7,742	12,451	462	123,404
SE_A16002_003	916	4,307	7,186	245	71,510
SE_A16002_004	916	3,435	5,501	53	59,706
SE_A16002_005	916	128,668	270,895	40,226	3.101e+06
SE_A16002_006	916	111,359	235,018	28,590	2.630e+06
SE_A16002_007	916	17,309	36,249	1,720	470,818
SE_A06001_002	916	126,699	229,009	29,604	2.504e+06
SE_A06001_003	916	53,955	137,304	3,356	1.507e+06
SE_A06001_004	916	25,778	61,652	1,888	717,605
SE_A06001_005	916	28,177	76,848	1,399	927,913
SE_A05001_002	916	164,193	333,298	52,517	3.626e+06
SE_A05001_003	916	128,250	273,800	28,184	3.149e+06
SE_A05001_004	916	35,943	62,325	1,052	704,680
SE_A10048_001	916	59,808	125,893	13,733	1.382e+06
SE_A10048_002	916	59,501	124,994	13,606	1.374e+06
SE_A10048_003	916	59,050	123,555	13,529	1.357e+06
id	916	741.5	391.4	11	1,347
year1	916	0.131	0.338	0	1
year2	916	0.132	0.339	0	1
year3	916	0.139	0.346	0	1
year4	916	0.145	0.352	0	1
year5	916	0.147	0.355	0	1
year6	916	0.150	0.357	0	1
year7	916	0.156	0.363	0	1
pop	916	180,654	363,569	61,628	3.990e+06
pforeignBorn	916	0.272	0.107	0.0377	0.570
pHousingOwners	916	1.886	0.451	1.156	4.691
povertyR	914	0.124	0.0609	0.0141	0.401
turnoutR	916	0.627	0.155	0.196	0.928
					
Number of id	1,472	1,472	1,472	1,472	1,472
