TYPE;STATE;COUNTY;TRACT;BLOCK;SHEETS
Census Block;06;037;9102.05;1104;2,3
Census Block;06;037;9102.05;1121;2
Census Block;06;037;9102.05;1122;2
Census Block;06;037;9108.04;1009;1,2,3,4,5
Census Block;06;037;9108.04;1010;1
Census Block;06;037;9108.04;1011;5
Census Block;06;037;9108.04;1012;2
Census Block;06;037;9108.04;1013;2
Census Block;06;037;9108.04;1014;2
Census Block;06;037;9108.04;1015;1
Census Block;06;037;9108.04;1016;2
Census Block;06;037;9108.04;1017;2
Census Block;06;037;9108.04;1018;1
Census Block;06;037;9108.04;1019;2
Census Block;06;037;9108.04;1020;2
Census Block;06;037;9108.04;1021;2
Census Block;06;037;9108.04;1022;2
Census Block;06;037;9108.04;1023;2
Census Block;06;037;9108.04;1024;2
Census Block;06;037;9108.04;1025;2
Census Block;06;037;9108.04;1026;2
Census Block;06;037;9108.04;1027;2
Census Block;06;037;9108.04;1028;2
Census Block;06;037;9108.04;1029;2
Census Block;06;037;9108.04;1030;2
Census Block;06;037;9108.04;1031;2
Census Block;06;037;9108.04;1032;2
Census Block;06;037;9108.04;1033;1
Census Block;06;037;9108.04;1034;1
Census Block;06;037;9108.04;1035;2
Census Block;06;037;9108.04;1036;2
Census Block;06;037;9108.04;1037;2
Census Block;06;037;9108.04;1038;2
Census Block;06;037;9108.04;1039;2
Census Block;06;037;9108.04;1040;2
Census Block;06;037;9108.04;1041;2,5
Census Block;06;037;9108.04;1042;2
Census Block;06;037;9108.04;1043;1
Census Block;06;037;9108.04;1044;1
Census Block;06;037;9108.04;1045;2
Census Block;06;037;9108.04;1046;2
Census Block;06;037;9108.04;1047;1
Census Block;06;037;9108.04;1048;2
Census Block;06;037;9108.04;1049;2
Census Block;06;037;9108.04;1050;1
Census Block;06;037;9108.04;1051;2
Census Block;06;037;9108.04;1052;1
Census Block;06;037;9108.04;1053;2
Census Block;06;037;9108.04;1055;1
Census Block;06;037;9108.04;1056;2
Census Block;06;037;9108.04;1057;2
Census Block;06;037;9108.04;1058;2
Census Block;06;037;9108.04;1059;1,2
Census Block;06;037;9108.04;1060;1
Census Block;06;037;9108.04;1061;1
Census Block;06;037;9108.04;1062;1
Census Block;06;037;9108.04;1063;1
Census Block;06;037;9108.04;1064;1
Census Block;06;037;9108.04;1065;1
Census Block;06;037;9108.04;1066;1
Census Block;06;037;9108.04;1067;1
Census Block;06;037;9108.04;1068;1
Census Block;06;037;9108.04;1069;1
Census Block;06;037;9108.04;1070;1
Census Block;06;037;9108.04;1071;1
Census Block;06;037;9108.04;1072;1
Census Block;06;037;9108.04;1073;1
Census Block;06;037;9108.04;1074;1
Census Block;06;037;9108.04;1075;1
Census Block;06;037;9108.04;1076;1
Census Block;06;037;9108.04;1077;1
Census Block;06;037;9108.04;1078;1
Census Block;06;037;9108.04;1079;1
Census Block;06;037;9108.04;1080;1
Census Block;06;037;9108.04;1081;1
Census Block;06;037;9108.04;1082;1
Census Block;06;037;9108.04;1083;1
Census Block;06;037;9108.04;1084;1
Census Block;06;037;9108.04;1095;1
Census Block;06;037;9108.04;1097;1
Census Block;06;037;9108.04;1098;1
Census Block;06;037;9108.04;1099;1
Census Block;06;037;9108.04;1100;2
Census Block;06;037;9108.04;1101;2
Census Block;06;037;9108.04;1102;2
Census Block;06;037;9108.04;1103;2
Census Block;06;037;9108.04;1104;2
Census Block;06;037;9108.04;1105;2
Census Block;06;037;9108.04;1106;2
Census Block;06;037;9108.04;1107;2
Census Block;06;037;9108.04;1108;2
Census Block;06;037;9108.04;1109;2
Census Block;06;037;9108.04;1110;2
Census Block;06;037;9108.04;1111;2
Census Block;06;037;9108.04;1112;2
Census Block;06;037;9108.04;1113;2
Census Block;06;037;9108.04;1114;2
Census Block;06;037;9108.04;1115;2
Census Block;06;037;9108.04;1116;2
Census Block;06;037;9108.04;1117;2
Census Block;06;037;9108.04;1118;2
Census Block;06;037;9108.04;1119;2
Census Block;06;037;9108.04;1120;2
Census Block;06;037;9108.04;1121;2
Census Block;06;037;9108.04;1122;2
Census Block;06;037;9108.04;1123;2
Census Block;06;037;9108.04;1124;2
Census Block;06;037;9108.04;1125;2
Census Block;06;037;9108.04;1126;2
Census Block;06;037;9108.04;1127;2
Census Block;06;037;9108.04;1128;2
Census Block;06;037;9108.04;1129;2
Census Block;06;037;9108.04;1130;2
Census Block;06;037;9108.04;1131;2
Census Block;06;037;9108.04;1132;2
Census Block;06;037;9108.04;1133;2
Census Block;06;037;9108.04;1134;2
Census Block;06;037;9108.04;1135;2
Census Block;06;037;9108.04;1136;1,4,5
Census Block;06;037;9108.04;1137;1,4
Census Block;06;037;9108.04;1138;1
Census Block;06;037;9108.04;1139;1
Census Block;06;037;9108.04;1140;1
Census Block;06;037;9108.04;1141;1
Census Block;06;037;9108.04;1142;1
Census Block;06;037;9108.04;1143;1
Census Block;06;037;9108.04;1144;1
Census Block;06;037;9108.04;1145;1
Census Block;06;037;9108.04;1146;1
Census Block;06;037;9108.04;1147;1
Census Block;06;037;9108.04;1148;1
Census Block;06;037;9108.04;1149;1
Census Block;06;037;9108.04;1150;1
Census Block;06;037;9108.04;1151;1
Census Block;06;037;9108.04;1152;1
Census Block;06;037;9108.04;1153;1
Census Block;06;037;9108.04;1154;1
Census Block;06;037;9108.04;1155;1
Census Block;06;037;9108.04;1156;1
Census Block;06;037;9108.04;1157;1
Census Block;06;037;9108.04;1158;4,5
Census Block;06;037;9108.04;1159;4,5
Census Block;06;037;9108.04;1160;1,4
Census Block;06;037;9108.04;1161;1,4
Census Block;06;037;9108.04;1162;5
Census Block;06;037;9108.04;1163;2,5
Census Block;06;037;9108.04;1164;2,5
Census Block;06;037;9108.04;1165;2
Census Block;06;037;9108.04;1166;2
Census Block;06;037;9108.04;1167;2
Census Block;06;037;9108.04;1168;2
Census Block;06;037;9108.04;1169;2
Census Block;06;037;9108.04;1170;2
Census Block;06;037;9108.04;1171;2
Census Block;06;037;9108.04;1172;2
Census Block;06;037;9108.04;1173;2
Census Block;06;037;9108.04;1174;2
Census Block;06;037;9108.04;1175;2
Census Block;06;037;9108.04;1176;2
Census Block;06;037;9108.04;1177;5
Census Block;06;037;9108.04;1178;5
Census Block;06;037;9108.04;1179;2,5
Census Block;06;037;9108.04;1180;2,3,5,6
Census Block;06;037;9108.04;1181;5
Census Block;06;037;9108.04;1182;2,5
Census Block;06;037;9108.04;1183;5
Census Block;06;037;9108.04;1184;2
Census Block;06;037;9108.04;1185;5
Census Block;06;037;9108.04;1186;5
Census Block;06;037;9108.04;1187;5
Census Block;06;037;9108.04;1188;2
Census Block;06;037;9108.04;1189;5
Census Block;06;037;9108.04;1190;5
Census Block;06;037;9108.04;1191;2,5
Census Block;06;037;9108.04;1192;5
Census Block;06;037;9108.04;1193;5
Census Block;06;037;9108.04;1194;5
Census Block;06;037;9108.04;1195;2,3
Census Block;06;037;9108.04;1196;3
Census Block;06;037;9108.04;1200;3,6
Census Block;06;037;9108.04;1201;3,5,6
Census Block;06;037;9108.04;1202;3,6
Census Block;06;037;9108.04;1203;2,5
Census Block;06;037;9108.04;1204;2,5
Census Block;06;037;9108.04;1205;2,5
Census Block;06;037;9108.04;1206;2,5
Census Block;06;037;9108.04;1207;2
Census Block;06;037;9108.04;1208;2
Census Block;06;037;9108.04;1209;5
Census Block;06;037;9108.04;1210;5
Census Block;06;037;9108.04;1211;5
Census Block;06;037;9108.04;1212;5
Census Block;06;037;9108.04;1213;5
Census Block;06;037;9108.04;1214;5
Census Block;06;037;9108.04;1215;5
Census Block;06;037;9108.04;1216;5
Census Block;06;037;9108.04;1217;5
Census Block;06;037;9108.04;1218;5
Census Block;06;037;9108.04;1219;5,6
Census Block;06;037;9108.04;1220;5
Census Block;06;037;9108.04;1221;5
Census Block;06;037;9108.04;1222;2,5
Census Block;06;037;9108.04;1223;5
Census Block;06;037;9108.04;1224;2
Census Block;06;037;9108.04;1225;5
Census Block;06;037;9108.04;1226;5
Census Block;06;037;9108.04;1227;5
Census Block;06;037;9108.04;1228;1
Census Block;06;037;9108.04;1229;1
Census Block;06;037;9108.04;1230;1
Census Block;06;037;9108.04;1231;1
Census Block;06;037;9108.04;1232;1
Census Block;06;037;9108.04;1233;1
Census Block;06;037;9108.04;1234;1
Census Block;06;037;9108.04;1235;1
Census Block;06;037;9108.04;1236;1
Census Block;06;037;9108.04;1237;1
Census Block;06;037;9108.04;1238;1
Census Block;06;037;9108.04;1239;1
Census Block;06;037;9108.04;1240;1
Census Block;06;037;9108.04;1241;1
Census Block;06;037;9108.04;1242;1
Census Block;06;037;9108.04;1243;1
Census Block;06;037;9108.04;1244;1
Census Block;06;037;9108.04;1245;1
Census Block;06;037;9108.04;1246;1
Census Block;06;037;9108.04;1247;1
Census Block;06;037;9108.04;1248;1
Census Block;06;037;9108.04;1249;1
Census Block;06;037;9108.04;1250;1
Census Block;06;037;9108.04;1251;1
Census Block;06;037;9108.04;1252;1
Census Block;06;037;9108.04;1253;1
Census Block;06;037;9108.04;1254;1
Census Block;06;037;9108.04;1256;2
Census Block;06;037;9108.04;1257;2
Census Block;06;037;9108.04;1258;1
Census Block;06;037;9108.04;1259;1
Census Block;06;037;9108.04;1260;1
Census Block;06;037;9108.04;1265;2
Census Block;06;037;9108.04;1267;2
Census Block;06;037;9108.04;1268;2
Census Block;06;037;9108.05;1000;4,5
Census Block;06;037;9108.05;1001;4,5
Census Block;06;037;9108.05;1002;4,5
Census Block;06;037;9108.05;1003;4
Census Block;06;037;9108.05;1004;4
Census Block;06;037;9108.05;1005;4
Census Block;06;037;9108.05;1006;1,4
Census Block;06;037;9108.05;1007;1,4
Census Block;06;037;9108.05;1008;4
Census Block;06;037;9108.05;1009;4
Census Block;06;037;9108.05;1010;4
Census Block;06;037;9108.05;1011;4
Census Block;06;037;9108.05;1012;4
Census Block;06;037;9108.05;1013;4
Census Block;06;037;9108.05;1014;1
Census Block;06;037;9108.05;1015;4
Census Block;06;037;9108.05;1016;4
Census Block;06;037;9108.05;1017;4
Census Block;06;037;9108.05;1019;1
Census Block;06;037;9108.05;1020;4
Census Block;06;037;9108.05;1021;1
Census Block;06;037;9108.05;1022;4
Census Block;06;037;9108.05;1023;4
Census Block;06;037;9108.05;1024;4
Census Block;06;037;9108.05;1025;1
Census Block;06;037;9108.05;1026;1
Census Block;06;037;9108.05;1030;4
Census Block;06;037;9108.05;1045;4
Census Block;06;037;9108.05;1046;4
Census Block;06;037;9108.05;1047;4
Census Block;06;037;9108.05;1048;4
Census Block;06;037;9108.05;1049;4
Census Block;06;037;9108.05;1050;4,5
Census Block;06;037;9108.05;1051;4
Census Block;06;037;9108.05;1052;4
Census Block;06;037;9108.05;1053;4
Census Block;06;037;9108.05;1054;4
Census Block;06;037;9108.05;1055;4
Census Block;06;037;9108.05;1056;4,5
Census Block;06;037;9108.05;1057;5
Census Block;06;037;9108.05;1058;4,5
Census Block;06;037;9108.05;1059;5
Census Block;06;037;9108.05;1060;5
Census Block;06;037;9108.05;1061;4
Census Block;06;037;9108.05;1062;4,5
Census Block;06;037;9108.05;1063;5
Census Block;06;037;9108.05;1064;5
Census Block;06;037;9108.05;1065;5
Census Block;06;037;9108.05;1066;4,5
Census Block;06;037;9108.05;1067;5
Census Block;06;037;9108.05;1068;5
Census Block;06;037;9108.05;1069;4
Census Block;06;037;9108.05;1070;4
Census Block;06;037;9108.05;1071;5
Census Block;06;037;9108.05;1072;4
Census Block;06;037;9108.05;1073;4,5
Census Block;06;037;9108.05;1074;5
Census Block;06;037;9108.05;1075;4
Census Block;06;037;9108.05;1076;4,5
Census Block;06;037;9108.05;1077;4
Census Block;06;037;9108.05;1078;4,5
Census Block;06;037;9108.05;1079;5
Census Block;06;037;9108.05;1080;5
Census Block;06;037;9108.05;1081;4,5
Census Block;06;037;9108.05;1082;5
Census Block;06;037;9108.05;1083;5
Census Block;06;037;9108.05;1084;5
Census Block;06;037;9108.05;1085;4,5
Census Block;06;037;9108.05;1086;4
Census Block;06;037;9108.05;1087;4
Census Block;06;037;9108.05;1088;4,5
Census Block;06;037;9108.05;1089;5
Census Block;06;037;9108.05;1090;5
Census Block;06;037;9108.05;1091;5
Census Block;06;037;9108.05;1092;5
Census Block;06;037;9108.05;1097;4
Census Block;06;037;9108.05;1098;4
Census Block;06;037;9108.05;1099;4
Census Block;06;037;9108.05;1100;4
Census Block;06;037;9108.05;1101;4
Census Block;06;037;9108.05;1102;4
Census Block;06;037;9108.05;1103;4
Census Block;06;037;9108.05;1104;4,5
Census Block;06;037;9108.05;1116;4
Census Block;06;037;9108.05;1117;4
Census Block;06;037;9108.05;1118;4
Census Block;06;037;9108.05;1119;4
Census Block;06;037;9108.05;1156;1
Census Block;06;037;9108.05;1157;1
Census Block;06;037;9108.05;1162;4
Census Block;06;037;9108.05;2005;3,6
Census Block;06;037;9108.05;2006;3,5,6
Census Block;06;037;9108.05;2007;5
Census Block;06;037;9108.05;2008;5,6
Census Block;06;037;9108.05;2009;5
Census Block;06;037;9108.05;2010;5,6
Census Block;06;037;9108.05;2011;5
Census Block;06;037;9108.05;2012;5
Census Block;06;037;9108.05;2013;5
Census Block;06;037;9108.05;2014;5
Census Block;06;037;9108.05;2015;5
Census Block;06;037;9108.05;2016;5,6
Census Block;06;037;9108.05;2017;5
Census Block;06;037;9108.05;2022;5
Census Block;06;037;9108.05;2023;5,6
Census Block;06;037;9108.05;2024;6
Census Block;06;037;9108.05;2025;5
Census Block;06;037;9108.05;2026;6
Census Block;06;037;9108.05;2027;6
Census Block;06;037;9108.05;2028;6
Census Block;06;037;9108.05;2029;5
Census Block;06;037;9108.05;2030;6
Census Block;06;037;9108.05;2031;6
Census Block;06;037;9108.05;2032;6
Census Block;06;037;9108.05;2033;5
Census Block;06;037;9108.05;2034;5,6
Census Block;06;037;9108.05;2035;5
Census Block;06;037;9108.05;2036;5
Census Block;06;037;9108.05;2037;6
Census Block;06;037;9108.05;2038;6
Census Block;06;037;9108.05;2039;6
Census Block;06;037;9108.05;2040;6
Census Block;06;037;9108.05;2041;6
Census Block;06;037;9108.05;2042;6
Census Block;06;037;9108.05;2043;6
Census Block;06;037;9108.05;2044;6
Census Block;06;037;9108.05;2045;6
Census Block;06;037;9108.05;2046;5,6
Census Block;06;037;9108.05;2047;6
Census Block;06;037;9108.05;2048;5,6
Census Block;06;037;9108.05;2051;5
Census Block;06;037;9108.05;2052;5
Census Block;06;037;9108.05;2053;5
Census Block;06;037;9108.05;2054;5
Census Block;06;037;9108.05;2055;5
Census Block;06;037;9108.05;2056;5
Census Block;06;037;9108.05;2057;5
Census Block;06;037;9108.05;2058;5
Census Block;06;037;9108.05;2059;5
Census Block;06;037;9108.05;2060;5
Census Block;06;037;9108.05;2061;5
Census Block;06;037;9108.05;2062;5
Census Block;06;037;9108.05;2063;5
Census Block;06;037;9108.05;2064;5
Census Block;06;037;9108.05;2065;5
Census Block;06;037;9108.05;2067;5
Census Block;06;037;9108.05;2068;5
Census Block;06;037;9108.05;2069;5
Census Block;06;037;9108.05;2070;5
Census Block;06;037;9108.05;2071;5
Census Block;06;037;9108.05;2072;5
Census Block;06;037;9108.05;2073;5
Census Block;06;037;9108.05;2074;5
Census Block;06;037;9108.05;2075;5
Census Block;06;037;9108.05;2076;5
Census Block;06;037;9108.05;2077;5
Census Block;06;037;9108.05;2078;5
Census Block;06;037;9108.05;2079;5
Census Block;06;037;9108.05;2080;5
Census Block;06;037;9108.05;2081;5
Census Block;06;037;9108.05;2082;5
Census Block;06;037;9108.05;2083;5
Census Block;06;037;9108.05;2084;5
Census Block;06;037;9108.05;2085;5
Census Block;06;037;9108.05;2086;5
Census Block;06;037;9108.05;2087;5
Census Block;06;037;9108.05;2088;5
Census Block;06;037;9108.05;2089;5
Census Block;06;037;9108.05;2090;5
Census Block;06;037;9108.05;2091;5
Census Block;06;037;9108.05;2099;5
Census Block;06;037;9108.05;2100;5
Census Block;06;037;9108.05;2162;5
Census Block;06;037;9108.05;2163;5
Census Block;06;037;9108.05;2164;5
Census Block;06;037;9108.05;2165;5
Census Block;06;037;9108.05;2166;5
Census Block;06;037;9108.05;2167;5
Census Block;06;037;9108.05;2168;5
Census Block;06;037;9108.05;2169;5
Census Block;06;037;9108.05;2170;5
Census Block;06;037;9108.05;2171;5
Census Block;06;037;9108.05;2173;5
Census Block;06;037;9108.05;2174;5
Census Block;06;037;9108.05;2178;6
Census Block;06;037;9108.05;2185;6
Census Block;06;037;9108.05;2186;5,6
Census Block;06;037;9108.05;2187;5
Census Block;06;037;9108.12;1041;6
Census Block;06;037;9108.12;1043;6
Census Block;06;037;9108.12;1044;6
Census Block;06;037;9108.12;1054;6
Census Block;06;037;9108.12;1055;6
Census Block;06;037;9108.12;1056;6
Census Block;06;037;9108.12;1057;6
Census Block;06;037;9108.12;1058;6
Census Block;06;037;9108.12;1059;6
Census Block;06;037;9108.12;1060;6
Census Block;06;037;9108.12;1061;6
Census Block;06;037;9108.12;1062;6
Census Block;06;037;9108.12;1063;6
Census Block;06;037;9108.12;1064;6
Census Block;06;037;9108.12;1065;6
Census Block;06;037;9108.12;1066;6
Census Block;06;037;9108.12;1067;6
Census Block;06;037;9108.12;1068;6
Census Block;06;037;9108.12;1075;6
Census Block;06;037;9108.12;1076;6
Census Block;06;037;9108.12;1077;6
Census Block;06;037;9108.12;1078;6
Census Block;06;037;9108.12;1079;6
Census Block;06;037;9108.12;1080;6
Census Block;06;037;9108.13;1000;1
Census Block;06;037;9108.13;1001;1
Census Block;06;037;9108.13;1002;1
Census Block;06;037;9108.13;1003;1
Census Block;06;037;9108.13;1004;1
Census Block;06;037;9108.13;1005;1
Census Block;06;037;9108.13;1022;1
Census Block;06;037;9108.13;1023;1
Census Block;06;037;9108.13;1024;1
Census Block;06;037;9108.13;1025;1
Census Block;06;037;9108.13;1026;1
Census Block;06;037;9108.13;1027;1
Census Block;06;037;9108.13;1028;1
Census Block;06;037;9108.13;1029;1
Census Block;06;037;9108.13;2030;1
Census Block;06;037;9108.13;2031;1
