"","censustract","yr","count","aTot","aMean","pIndv","nIndv","nCorp","pCorp","nIndvTech","nIndvBigTech","nCorpBigTech","pDemRec","pRepRec","pIndRec","pComRec","pGen","meanContCF","rangeContCF","meanCandCF","rangeCandCF","meanCFDiff","rangeCFDiff","aIndv","aCorp","aIndvBigTech","aIndvTech","aCorpTech","aDemRec","aRepRec","aIndRec","aComRec","aGen","mIndv","mCorp","mIndvBigTech","mIndvTech","mCorpTech","mDemRec","mRepRec","mIndRec","mComRec","mGen"
"1","0",1998,3743,19804812.05,5291.16004541811,0.242051830082821,906,745,0.199038204648678,61,4,1,0.391130109537804,0.430403419716805,0,0.158161902217473,0.687683676195565,0.021693828479829,0.644543197123068,0.0469917178733636,0.0469917178733636,-0.0233582687683676,0.446807514769278,933684.89,868524,1659,51811.42,100,6673768.95,12683101,0,377924.62,16407450.95,1030.55727373068,1165.80402684564,414.75,849.367540983607,100,4558.58534836066,7872.81253879578,NA,638.386182432432,6374.30106837607
"2","01073013400",1998,1,100,100,1,1,0,0,0,0,0,0,1,0,0,0,1.14,NA,1.09,1.09,0.0499999999999998,NA,100,0,0,0,0,0,100,0,0,0,100,NA,NA,NA,NA,NA,100,NA,NA,NA
"3","04003000201",1998,1,268,268,1,1,0,0,0,0,0,1,0,0,1,0,-1.28,NA,-1.18,-1.18,-0.1,NA,268,0,0,0,0,268,0,0,268,0,268,NA,NA,NA,NA,268,NA,NA,268,NA
"4","04003000500",1998,1,500,500,1,1,0,0,0,0,0,1,0,0,0,1,-1.06,NA,-0.86,-0.86,-0.2,NA,500,0,0,0,0,500,0,0,0,500,500,NA,NA,NA,NA,500,NA,NA,NA,500
"5","04003001601",1998,2,330,165,1,2,0,0,0,0,0,0.5,0.5,0,0,0.5,0.095,0.940452018978108,0.11,0.11,-0.015,0.0636396103067893,330,0,0,0,0,30,300,0,0,300,165,NA,NA,NA,NA,30,300,NA,NA,300
"6","04003001702",1998,1,500,500,1,1,0,0,0,0,0,0,0,0,1,0,0.75,NA,1.06,1.06,-0.31,NA,500,0,0,0,0,0,0,0,500,0,500,NA,NA,NA,NA,NA,NA,NA,500,NA
"7","04013061010",1998,1,300,300,1,1,0,0,0,0,0,1,0,0,0,0,-0.08,NA,-0.05,-0.05,-0.03,NA,300,0,0,0,0,300,0,0,0,0,300,NA,NA,NA,NA,300,NA,NA,NA,NA
"8","04013116710",1998,1,400,400,1,1,0,0,0,0,0,0,0,0,1,0,1.25,NA,0,0,0,NA,400,0,0,0,0,0,0,0,400,0,400,NA,NA,NA,NA,NA,NA,NA,400,NA
"9","04013420215",1998,1,-895,-895,1,1,0,0,0,0,0,0,1,0,0,0,0,NA,1.15,1.15,0,NA,-895,0,0,0,0,0,-895,0,0,0,-895,NA,NA,NA,NA,NA,-895,NA,NA,NA
"10","04013810900",1998,1,250,250,1,1,0,0,0,0,0,0,0,0,1,0,1.12,NA,1.07,1.07,0.05,NA,250,0,0,0,0,0,0,0,250,0,250,NA,NA,NA,NA,NA,NA,NA,250,NA
"11","04013941000",1998,1,100,100,1,1,0,0,0,0,0,0,1,0,0,1,0.22,NA,-0.41,-0.41,0.63,NA,100,0,0,0,0,0,100,0,0,100,100,NA,NA,NA,NA,NA,100,NA,NA,100
"12","04019000100",1998,5,5000,1000,1,5,0,0,0,0,0,0.2,0,0,0.8,0,-1.33,0,-1.148,-1.148,-0.182,0.11144505372604,5000,0,0,0,0,1000,0,0,4000,0,1000,NA,NA,NA,NA,1000,NA,NA,1000,NA
"13","04027011504",1998,3,4500,1500,0,0,3,1,0,0,0,0,1,0,0,1,0.95,0,0.96,0.96,-0.0100000000000001,0.13856406460551,0,4500,0,0,0,0,4500,0,0,4500,NA,1500,NA,NA,NA,NA,1500,NA,NA,1500
"14","05007020201",1998,7,7000,1000,1,7,0,0,0,0,0,0,1,0,0,0.285714285714286,0.442857142857143,0.470379785765867,0.755714285714286,0.755714285714286,-0.312857142857143,0.386294977347376,7000,0,0,0,0,0,7000,0,0,2000,1000,NA,NA,NA,NA,NA,1000,NA,NA,1000
"15","05019953900",1998,3,750,250,1,3,0,0,0,0,0,0,1,0,0,0.666666666666667,1.15,0,0.76,0.76,0.39,0.207846096908265,750,0,0,0,0,0,750,0,0,600,250,NA,NA,NA,NA,NA,250,NA,NA,300
"16","05119001600",1998,1,1000,1000,0,0,0,0,0,0,0,0,1,0,0,1,1,NA,0.88,0.88,0.12,NA,0,0,0,0,0,0,1000,0,0,1000,NA,NA,NA,NA,NA,NA,1000,NA,NA,1000
"17","05119004303",1998,1,20,20,1,1,0,0,0,0,0,1,0,0,0,1,-1.27,NA,-1.09,-1.09,-0.18,NA,20,0,0,0,0,20,0,0,0,20,20,NA,NA,NA,NA,20,NA,NA,NA,20
"18","08001009325",1998,2,2000,1000,0,0,2,1,0,0,0,1,0,0,0,0.5,-0.41,0.89095454429505,-0.365,-0.365,-0.045,0.0494974746830584,0,2000,0,0,0,2000,0,0,0,1000,NA,1000,NA,NA,NA,1000,NA,NA,NA,1000
"19","08001015000",1998,1,1000,1000,1,1,0,0,0,0,0,1,0,0,0,1,-0.7,NA,-0.32,-0.32,-0.38,NA,1000,0,0,0,0,1000,0,0,0,1000,1000,NA,NA,NA,NA,1000,NA,NA,NA,1000
"20","08003960000",1998,1,250,250,1,1,0,0,0,0,0,0,0,0,1,0,1.12,NA,1.07,1.07,0.05,NA,250,0,0,0,0,0,0,0,250,0,250,NA,NA,NA,NA,NA,NA,NA,250,NA
"21","08005006712",1998,1,2000,2000,0,0,1,1,0,0,0,0,1,0,0,1,1.06,NA,1.07,1.07,-0.01,NA,0,2000,0,0,0,0,2000,0,0,2000,NA,2000,NA,NA,NA,NA,2000,NA,NA,2000
"22","08005006857",1998,3,1450,483.333333333333,1,3,0,0,0,0,0,1,0,0,0,0,-0.663333333333333,0.248260615751539,-0.743333333333333,-0.743333333333333,0.08,0.115325625946708,1450,0,0,0,0,1450,0,0,0,0,483.333333333333,NA,NA,NA,NA,483.333333333333,NA,NA,NA,NA
"23","08005083400",1998,1,400,400,1,1,0,0,0,0,0,0,0,0,1,0,0,NA,0,0,0,NA,400,0,0,0,0,0,0,0,400,0,400,NA,NA,NA,NA,NA,NA,NA,400,NA
"24","08031001701",1998,2,700,350,0,0,2,1,0,0,0,0,1,0,0,0,0.25,0,0.61,0.61,-0.36,0,0,700,0,0,0,0,700,0,0,0,NA,350,NA,NA,NA,NA,350,NA,NA,NA
"25","08031002702",1998,1,100,100,1,1,0,0,0,0,0,0,0,0,0,0,0.05,NA,0.07,0.07,-0.02,NA,100,0,0,0,0,0,0,0,0,0,100,NA,NA,NA,NA,NA,NA,NA,NA,NA
"26","08031004002",1998,1,1500,1500,0,0,1,1,0,0,0,0,1,0,0,1,-0.09,NA,0.62,0.62,-0.71,NA,0,1500,0,0,0,0,1500,0,0,1500,NA,1500,NA,NA,NA,NA,1500,NA,NA,1500
"27","08035014403",1998,3,2250,750,1,3,0,0,0,0,0,0.666666666666667,0,0,0.333333333333333,0,0.103333333333333,0.606162794415274,-0.42,-0.42,0.55,0.842555636145175,2250,0,0,0,0,2000,0,0,250,0,750,NA,NA,NA,NA,1000,NA,NA,250,NA
"28","08037000200",1998,4,15500,3875,1,4,0,0,0,0,0,0,0.25,0,0.75,0,-0.63,0,-0.215,-0.215,-0.415,0.573904754002497,15500,0,0,0,0,0,500,0,15000,0,3875,NA,NA,NA,NA,NA,500,NA,5000,NA
"29","08041000400",1998,1,100,100,1,1,0,0,0,0,0,1,0,0,0,1,-1,NA,-0.91,-0.91,-0.09,NA,100,0,0,0,0,100,0,0,0,100,100,NA,NA,NA,NA,100,NA,NA,NA,100
"30","08041002300",1998,1,1000,1000,1,1,0,0,0,0,0,0,1,0,0,1,0.9,NA,0.87,0.87,0.03,NA,1000,0,0,0,0,0,1000,0,0,1000,1000,NA,NA,NA,NA,NA,1000,NA,NA,1000
"31","08041003706",1998,1,100,100,0,0,0,0,0,0,0,0,1,0,0,0,1.19,NA,1.14,1.14,0.05,NA,0,0,0,0,0,0,100,0,0,0,NA,NA,NA,NA,NA,NA,100,NA,NA,NA
"32","08059011602",1998,1,1125,1125,1,1,0,0,0,0,0,0,0,0,1,0,-0.26,NA,0,0,0,NA,1125,0,0,0,0,0,0,0,1125,0,1125,NA,NA,NA,NA,NA,NA,NA,1125,NA
"33","08059015800",1998,3,2000,666.666666666667,1,3,0,0,0,0,0,0,0,0,1,0,1.09,0,1.03333333333333,1.03333333333333,0.0566666666666667,0.100166528008778,2000,0,0,0,0,0,0,0,2000,0,666.666666666667,NA,NA,NA,NA,NA,NA,NA,666.666666666667,NA
"34","08075965900",1998,1,100,100,1,1,0,0,0,0,0,1,0,0,0,1,-1.08,NA,-0.29,-0.29,-0.79,NA,100,0,0,0,0,100,0,0,0,100,100,NA,NA,NA,NA,100,NA,NA,NA,100
"35","08075966000",1998,3,650,216.666666666667,0,0,3,1,0,0,0,0.666666666666667,0.333333333333333,0,0,1,-0.58,0,-0.203333333333333,-0.203333333333333,-0.376666666666667,0.998815965698053,0,650,0,0,0,500,150,0,0,650,NA,216.666666666667,NA,NA,NA,250,150,NA,NA,216.666666666667
"36","08085966502",1998,1,300,300,1,1,0,0,0,0,0,0,0,0,1,0,1.27,NA,1.19,1.19,0.0800000000000001,NA,300,0,0,0,0,0,0,0,300,0,300,NA,NA,NA,NA,NA,NA,NA,300,NA
"37","08087000300",1998,1,888,888,1,1,0,0,0,0,0,0,1,0,0,0,0.71,NA,0.69,0.69,0.02,NA,888,0,0,0,0,0,888,0,0,0,888,NA,NA,NA,NA,NA,888,NA,NA,NA
"38","08097000401",1998,2,500,250,1,2,0,0,0,0,0,1,0,0,0,0.5,-1.14,0,-0.96,-0.96,-0.18,0,500,0,0,0,0,500,0,0,0,250,250,NA,NA,NA,NA,250,NA,NA,NA,250
"39","08101000200",1998,1,300,300,1,1,0,0,0,0,0,0,0,0,1,0,-1.33,NA,-1.29,-1.29,-0.04,NA,300,0,0,0,0,0,0,0,300,0,300,NA,NA,NA,NA,NA,NA,NA,300,NA
"40","08101003200",1998,2,2000,1000,1,2,0,0,0,0,0,1,0,0,0,0.5,-0.99,0,-0.72,-0.72,-0.27,0,2000,0,0,0,0,2000,0,0,0,1000,1000,NA,NA,NA,NA,1000,NA,NA,NA,1000
"41","08101003600",1998,1,265,265,1,1,0,0,0,0,0,0,0,0,1,0,0,NA,0,0,0,NA,265,0,0,0,0,0,0,0,265,0,265,NA,NA,NA,NA,NA,NA,NA,265,NA
"42","09001030200",1998,1,1000,1000,1,1,0,0,0,0,0,0,1,0,0,0,0.71,NA,0.69,0.69,0.02,NA,1000,0,0,0,0,0,1000,0,0,0,1000,NA,NA,NA,NA,NA,1000,NA,NA,NA
"43","09001035200",1998,2,500,250,1,2,0,0,0,0,0,0,0,0,1,0,1.24,0,1.19,1.19,0.05,0,500,0,0,0,0,0,0,0,500,0,250,NA,NA,NA,NA,NA,NA,NA,250,NA
"44","09001245500",1998,3,2500,833.333333333333,0,0,3,1,0,0,0,0.666666666666667,0.333333333333333,0,0,1,-0.0566666666666667,0.213619599600162,-0.393333333333333,-0.393333333333333,0.336666666666667,0.856523982929453,0,2500,0,0,0,1500,1000,0,0,2500,NA,833.333333333333,NA,NA,NA,750,1000,NA,NA,833.333333333333
"45","09001245600",1998,1,200,200,0,0,0,0,0,1,0,0,1,0,0,1,0.81,NA,0.78,0.78,0.03,NA,0,0,200,0,0,0,200,0,0,200,NA,NA,200,NA,NA,NA,200,NA,NA,200
"46","09001257100",1998,1,100,100,1,1,0,0,0,0,0,0,0,0,0,0,0.99,NA,0.95,0.95,0.04,NA,100,0,0,0,0,0,0,0,0,0,100,NA,NA,NA,NA,NA,NA,NA,NA,NA
"47","09011870501",1998,2,3000,1500,0,0,2,1,0,0,0,0,0,0,1,0,1.25,0,1.19,1.19,0.0600000000000001,0,0,3000,0,0,0,0,0,0,3000,0,NA,1500,NA,NA,NA,NA,NA,NA,1500,NA
"48","09015902500",1998,1,25,25,1,1,0,0,0,0,0,0,0,0,0,0,-1.33,NA,-1.18,-1.18,-0.15,NA,25,0,0,0,0,0,0,0,0,0,25,NA,NA,NA,NA,NA,NA,NA,NA,NA
"49","10003012000",1998,8,5000,625,0,0,8,1,0,0,0,0.5,0.5,0,0,0.875,-0.03,0,0.11875,0.11875,-0.14875,0.621689805518568,0,5000,0,0,0,3000,2000,0,0,4000,NA,625,NA,NA,NA,750,500,NA,NA,571.428571428571
"50","10003016801",1998,1,15000,15000,0,0,0,0,0,0,0,1,0,0,0,1,-0.78,NA,-0.71,-0.71,-0.0700000000000001,NA,0,0,0,0,0,15000,0,0,0,15000,NA,NA,NA,NA,NA,15000,NA,NA,NA,15000
"51","11001000100",1998,1,250,250,1,1,0,0,0,0,0,1,0,0,0,0,-0.39,NA,-0.76,-0.76,0.37,NA,250,0,0,0,0,250,0,0,0,0,250,NA,NA,NA,NA,250,NA,NA,NA,NA
"52","11001000300",1998,6,4000,666.666666666667,1,6,0,0,0,0,0,0.333333333333333,0,0,0.666666666666667,0.166666666666667,-0.4,0,-0.276666666666667,-0.276666666666667,-0.123333333333333,0.112546286774228,4000,0,0,0,0,1000,0,0,3000,500,666.666666666667,NA,NA,NA,NA,500,NA,NA,750,500
"53","11001000502",1998,2,2000,1000,0,0,0,0,0,0,0,1,0,0,0,0,-1.28,0,-1.1,-1.1,-0.18,0,0,0,0,0,0,2000,0,0,0,0,NA,NA,NA,NA,NA,1000,NA,NA,NA,NA
"54","11001000600",1998,11,4372,397.454545454545,1,11,0,0,0,0,0,0,0,0,1,0,-1.17909090909091,0.825220631655008,-1.38272727272727,-1.38272727272727,0.203636363636364,0.720045453110743,4372,0,0,0,0,0,0,0,4372,0,397.454545454545,NA,NA,NA,NA,NA,NA,NA,397.454545454545,NA
"55","11001004901",1998,2,1500,750,0,0,0,0,0,0,0,1,0,0,0,0.5,-0.94,0,-0.78,-0.78,-0.16,0.29698484809835,0,0,0,0,0,1500,0,0,0,500,NA,NA,NA,NA,NA,750,NA,NA,NA,500
"56","11001005600",1998,5,1750,350,1,5,0,0,0,0,0,0.8,0.2,0,0,0.6,-0.642,0.688708937069935,-0.47,-0.47,-0.172,0.112782977438973,1750,0,0,0,0,1250,500,0,0,250,350,NA,NA,NA,NA,312.5,500,NA,NA,83.3333333333333
"57","11001005900",1998,1,100,100,0,0,1,1,0,0,0,0,1,0,0,1,0.69,NA,0.67,0.67,0.0199999999999999,NA,0,100,0,0,0,0,100,0,0,100,NA,100,NA,NA,NA,NA,100,NA,NA,100
"58","11001007200",1998,5,2350,470,0.8,4,0,0,3,0,0,0.2,0,0,0.8,1,-1.21,0,-1.218,-1.218,0.00800000000000005,0.0742967024840268,1350,0,0,1050,0,1000,0,0,1350,2350,337.5,NA,NA,350,NA,1000,NA,NA,337.5,470
"59","11001008702",1998,1,500,500,0,0,0,0,0,0,0,1,0,0,0,1,-0.99,NA,-0.91,-0.91,-0.08,NA,0,0,0,0,0,500,0,0,0,500,NA,NA,NA,NA,NA,500,NA,NA,NA,500
"60","11001008803",1998,1,250,250,0,0,1,1,0,0,0,0,1,0,0,1,0.12,NA,0.66,0.66,-0.54,NA,0,250,0,0,0,0,250,0,0,250,NA,250,NA,NA,NA,NA,250,NA,NA,250
"61","11001009102",1998,1,250,250,1,1,0,0,0,0,0,0,1,0,0,1,0.93,NA,0.89,0.89,0.04,NA,250,0,0,0,0,0,250,0,0,250,250,NA,NA,NA,NA,NA,250,NA,NA,250
"62","11001009400",1998,1,1000,1000,0,0,1,1,0,0,0,0,1,0,0,1,-0.27,NA,0.66,0.66,-0.93,NA,0,1000,0,0,0,0,1000,0,0,1000,NA,1000,NA,NA,NA,NA,1000,NA,NA,1000
"63","11001009801",1998,1,75,75,1,1,0,0,0,0,0,1,0,0,0,1,-0.78,NA,-0.71,-0.71,-0.0700000000000001,NA,75,0,0,0,0,75,0,0,0,75,75,NA,NA,NA,NA,75,NA,NA,NA,75
"64","11001010100",1998,2,550,275,0.5,1,0,0,0,0,0,0.5,0.5,0,0,1,-0.42,0.777817459305202,-0.025,-0.025,-0.395,0.445477272147525,250,0,0,0,0,250,300,0,0,550,250,NA,NA,NA,NA,250,300,NA,NA,275
"65","11001010700",1998,6,3500,583.333333333333,0.666666666666667,4,0,0,0,0,0,0.666666666666667,0.333333333333333,0,0,0.833333333333333,-0.173333333333333,0.948359987908951,-0.443333333333333,-0.443333333333333,0.27,0.502712641575682,1500,0,0,0,0,2750,750,0,0,3250,375,NA,NA,NA,NA,687.5,375,NA,NA,650
"66","11001010800",1998,1,500,500,1,1,0,0,0,0,0,0,1,0,0,0,-0.35,NA,0.57,0.57,-0.92,NA,500,0,0,0,0,0,500,0,0,0,500,NA,NA,NA,NA,NA,500,NA,NA,NA
"67","12011020319",1998,1,250,250,1,1,0,0,0,0,0,0,1,0,0,0,0.71,NA,0.69,0.69,0.02,NA,250,0,0,0,0,0,250,0,0,0,250,NA,NA,NA,NA,NA,250,NA,NA,NA
"68","12011031001",1998,1,-50,-50,1,1,0,0,0,0,0,0,0,0,1,0,0,NA,1.11,1.11,0,NA,-50,0,0,0,0,0,0,0,-50,0,-50,NA,NA,NA,NA,NA,NA,NA,-50,NA
"69","12011090200",1998,1,250,250,1,1,0,0,0,0,0,1,0,0,0,0,-0.77,NA,-0.7,-0.7,-0.0700000000000001,NA,250,0,0,0,0,250,0,0,0,0,250,NA,NA,NA,NA,250,NA,NA,NA,NA
"70","12011090404",1998,1,500,500,1,1,0,0,0,0,0,0,0,0,1,0,0,NA,0,0,0,NA,500,0,0,0,0,0,0,0,500,0,500,NA,NA,NA,NA,NA,NA,NA,500,NA
"71","12031011901",1998,1,500,500,0,0,1,1,0,0,0,0,1,0,0,1,0.27,NA,0.98,0.98,-0.71,NA,0,500,0,0,0,0,500,0,0,500,NA,500,NA,NA,NA,NA,500,NA,NA,500
"72","12057011414",1998,2,500,250,1,2,0,0,0,0,0,0.5,0,0,0.5,0,-1.23,0,-0.56,-0.56,-0.0549999999999999,0.0777817459305201,500,0,0,0,0,250,0,0,250,0,250,NA,NA,NA,NA,250,NA,NA,250,NA
"73","12073002205",1998,1,500,500,0,0,0,0,0,0,0,0,1,0,0,1,0.97,NA,0.79,0.79,0.18,NA,0,0,0,0,0,0,500,0,0,500,NA,NA,NA,NA,NA,NA,500,NA,NA,500
"74","12099002300",1998,1,500,500,1,1,0,0,0,0,0,0,1,0,0,1,0.78,NA,0.85,0.85,-0.07,NA,500,0,0,0,0,0,500,0,0,500,500,NA,NA,NA,NA,NA,500,NA,NA,500
"75","12099002800",1998,1,1000,1000,1,1,0,0,0,0,0,1,0,0,0,1,-0.57,NA,-1.11,-1.11,0.54,NA,1000,0,0,0,0,1000,0,0,0,1000,1000,NA,NA,NA,NA,1000,NA,NA,NA,1000
"76","12099005407",1998,1,500,500,1,1,0,0,0,0,0,0,0,0,1,0,0,NA,0,0,0,NA,500,0,0,0,0,0,0,0,500,0,500,NA,NA,NA,NA,NA,NA,NA,500,NA
"77","12103027605",1998,1,1000,1000,1,1,0,0,0,0,0,0,1,0,0,1,1.09,NA,1.04,1.04,0.05,NA,1000,0,0,0,0,0,1000,0,0,1000,1000,NA,NA,NA,NA,NA,1000,NA,NA,1000
"78","12109021206",1998,1,100,100,1,1,0,0,0,0,0,1,0,0,0,1,-1.29,NA,-1.18,-1.18,-0.11,NA,100,0,0,0,0,100,0,0,0,100,100,NA,NA,NA,NA,100,NA,NA,NA,100
"79","12119910800",1998,1,4000,4000,0,0,0,0,0,0,0,0,1,0,0,1,1.72,NA,1.63,1.63,0.0900000000000001,NA,0,0,0,0,0,0,4000,0,0,4000,NA,NA,NA,NA,NA,NA,4000,NA,NA,4000
"80","13045910702",1998,1,800,800,0,0,0,0,0,0,0,1,0,0,0,1,-0.61,NA,-0.55,-0.55,-0.0599999999999999,NA,0,0,0,0,0,800,0,0,0,800,NA,NA,NA,NA,NA,800,NA,NA,NA,800
"81","13051011004",1998,1,1000,1000,1,1,0,0,0,0,0,1,0,0,0,0,-1,NA,-0.92,-0.92,-0.08,NA,1000,0,0,0,0,1000,0,0,0,0,1000,NA,NA,NA,NA,1000,NA,NA,NA,NA
"82","13051011006",1998,3,750,250,1,3,0,0,0,0,0,0,0,0,1,0,1.25,0,1.19,1.19,0.0600000000000001,0,750,0,0,0,0,0,0,0,750,0,250,NA,NA,NA,NA,NA,NA,NA,250,NA
"83","13063040204",1998,2,450,225,0,0,2,1,0,0,0,0.5,0.5,0,0,1,-0.00499999999999998,0.657609306503489,0.31,0.31,-0.315,0.37476659402887,0,450,0,0,0,250,200,0,0,450,NA,225,NA,NA,NA,250,200,NA,NA,225
"84","13067030218",1998,1,250,250,1,1,0,0,0,0,0,0,0,0,1,0,0,NA,0,0,0,NA,250,0,0,0,0,0,0,0,250,0,250,NA,NA,NA,NA,NA,NA,NA,250,NA
"85","13067030233",1998,1,50,50,1,1,0,0,0,0,0,1,0,0,0,0,-0.18,NA,-0.14,-0.14,-0.04,NA,50,0,0,0,0,50,0,0,0,0,50,NA,NA,NA,NA,50,NA,NA,NA,NA
"86","13089020100",1998,1,50,50,1,1,0,0,0,0,0,1,0,0,0,0,-0.18,NA,-0.14,-0.14,-0.04,NA,50,0,0,0,0,50,0,0,0,0,50,NA,NA,NA,NA,50,NA,NA,NA,NA
"87","13089021602",1998,1,500,500,1,1,0,0,0,0,0,1,0,0,0,1,-1.08,NA,-1.12,-1.12,0.04,NA,500,0,0,0,0,500,0,0,0,500,500,NA,NA,NA,NA,500,NA,NA,NA,500
"88","13089023507",1998,1,400,400,0,0,0,0,1,0,0,1,0,0,0,1,0.13,NA,-0.05,-0.05,0.18,NA,0,0,0,400,0,400,0,0,0,400,NA,NA,NA,400,NA,400,NA,NA,NA,400
"89","13113140207",1998,1,1000,1000,1,1,0,0,0,0,0,0,1,0,0,0,1.18,NA,1.13,1.13,0.05,NA,1000,0,0,0,0,0,1000,0,0,0,1000,NA,NA,NA,NA,NA,1000,NA,NA,NA
"90","13121000200",1998,1,250,250,1,1,0,0,0,0,0,1,0,0,0,0,-0.93,NA,-0.84,-0.84,-0.0900000000000001,NA,250,0,0,0,0,250,0,0,0,0,250,NA,NA,NA,NA,250,NA,NA,NA,NA
"91","13121002900",1998,1,750,750,0,0,1,1,0,0,0,0,1,0,0,1,-0.27,NA,0.72,0.72,-0.99,NA,0,750,0,0,0,0,750,0,0,750,NA,750,NA,NA,NA,NA,750,NA,NA,750
"92","13121009502",1998,1,500,500,1,1,0,0,0,0,0,0,0,0,1,0,0,NA,0,0,0,NA,500,0,0,0,0,0,0,0,500,0,500,NA,NA,NA,NA,NA,NA,NA,500,NA
"93","13121010121",1998,2,1500,750,1,2,0,0,0,0,0,0,0,0,1,0,0.83,0,1.07,1.07,-0.24,0,1500,0,0,0,0,0,0,0,1500,0,750,NA,NA,NA,NA,NA,NA,NA,750,NA
"94","13121011000",1998,1,200,200,0,0,1,1,0,0,0,0,1,0,0,1,0.12,NA,0.74,0.74,-0.62,NA,0,200,0,0,0,0,200,0,0,200,NA,200,NA,NA,NA,NA,200,NA,NA,200
"95","13121011618",1998,1,200,200,0,0,1,1,0,0,0,1,0,0,0,1,0.25,NA,0.21,0.21,0.04,NA,0,200,0,0,0,200,0,0,0,200,NA,200,NA,NA,NA,200,NA,NA,NA,200
"96","13215001100",1998,1,1000,1000,1,1,0,0,0,0,0,0,1,0,0,1,1.13,NA,0.69,0.69,0.44,NA,1000,0,0,0,0,0,1000,0,0,1000,1000,NA,NA,NA,NA,NA,1000,NA,NA,1000
"97","13223120302",1998,1,300,300,1,1,0,0,0,0,0,0,1,0,0,1,1.33,NA,1.26,1.26,0.0700000000000001,NA,300,0,0,0,0,0,300,0,0,300,300,NA,NA,NA,NA,NA,300,NA,NA,300
"98","13277960600",1998,1,500,500,0,0,0,0,0,0,0,0,1,0,0,1,0.66,NA,0.82,0.82,-0.16,NA,0,0,0,0,0,0,500,0,0,500,NA,NA,NA,NA,NA,NA,500,NA,NA,500
"99","13295020400",1998,1,250,250,1,1,0,0,0,0,0,0,1,0,0,1,0.07,NA,1.18,1.18,-1.11,NA,250,0,0,0,0,0,250,0,0,250,250,NA,NA,NA,NA,NA,250,NA,NA,250
"100","15003001201",1998,2,500,250,0,0,2,1,0,0,0,1,0,0,0,0.5,-0.36,0.678822509939086,-0.835,-0.835,0.475,0.770746391493337,0,500,0,0,0,500,0,0,0,200,NA,250,NA,NA,NA,250,NA,NA,NA,200
"101","15003003403",1998,1,1000,1000,1,1,0,0,0,0,0,0,1,0,0,1,-1.05,NA,0.69,0.69,-1.74,NA,1000,0,0,0,0,0,1000,0,0,1000,1000,NA,NA,NA,NA,NA,1000,NA,NA,1000
"102","15003004700",1998,1,1000,1000,0,0,1,1,0,0,0,0,1,0,0,1,0.26,NA,0.58,0.58,-0.32,NA,0,1000,0,0,0,0,1000,0,0,1000,NA,1000,NA,NA,NA,NA,1000,NA,NA,1000
"103","15003006804",1998,1,1000,1000,0,0,1,1,0,0,0,0,1,0,0,1,0.64,NA,0.62,0.62,0.02,NA,0,1000,0,0,0,0,1000,0,0,1000,NA,1000,NA,NA,NA,NA,1000,NA,NA,1000
"104","16013960500",1998,1,1000,1000,1,1,0,0,0,0,0,0,0,0,1,0,-0.98,NA,0,0,0,NA,1000,0,0,0,0,0,0,0,1000,0,1000,NA,NA,NA,NA,NA,NA,NA,1000,NA
"105","17031060900",1998,1,500,500,1,1,0,0,0,0,0,0,1,0,0,1,0.22,NA,0.76,0.76,-0.54,NA,500,0,0,0,0,0,500,0,0,500,500,NA,NA,NA,NA,NA,500,NA,NA,500
"106","17031071100",1998,1,1000,1000,1,1,0,0,0,0,0,0,1,0,0,0,1.02,NA,0.97,0.97,0.05,NA,1000,0,0,0,0,0,1000,0,0,0,1000,NA,NA,NA,NA,NA,1000,NA,NA,NA
"107","17031252102",1998,8,2000,250,1,8,0,0,0,0,0,0.5,0,0,0.5,0,-0.92,0,-1.05125,-1.05125,0.13125,0.228375474039699,2000,0,0,0,0,1000,0,0,1000,0,250,NA,NA,NA,NA,250,NA,NA,250,NA
"108","17031320400",1998,1,1000,1000,1,1,0,0,0,0,0,1,0,0,0,1,-0.35,NA,-0.89,-0.89,0.54,NA,1000,0,0,0,0,1000,0,0,0,1000,1000,NA,NA,NA,NA,1000,NA,NA,NA,1000
"109","17031620300",1998,1,3000,3000,0,0,0,0,0,0,0,1,0,0,0,1,-0.4,NA,-0.71,-0.71,0.31,NA,0,0,0,0,0,3000,0,0,0,3000,NA,NA,NA,NA,NA,3000,NA,NA,NA,3000
"110","17031800700",1998,4,1915,478.75,1,4,0,0,0,0,0,0.75,0,0,0.25,0.5,-1.1,0,-1.0475,-1.0475,-0.0525,0.145,1915,0,0,0,0,1615,0,0,300,1000,478.75,NA,NA,NA,NA,538.333333333333,NA,NA,300,500
"111","17031801500",1998,1,10000,10000,0,0,1,1,0,0,0,1,0,0,0,0,-0.21,NA,-0.17,-0.17,-0.04,NA,0,10000,0,0,0,10000,0,0,0,0,NA,10000,NA,NA,NA,10000,NA,NA,NA,NA
"112","17031801608",1998,8,6750,843.75,0,0,8,1,0,0,0,0.375,0.625,0,0,0.75,0.2,0.367695526217005,0.33375,0.33375,-0.13375,0.560329941067888,0,6750,0,0,0,2250,4500,0,0,6000,NA,843.75,NA,NA,NA,750,900,NA,NA,1000
"113","17031802504",1998,3,2057,685.666666666667,0,0,0,0,0,0,0,0,1,0,0,1,0.61,0,0.533333333333333,0.533333333333333,0.0766666666666667,0.150443787951957,0,0,0,0,0,0,2057,0,0,2057,NA,NA,NA,NA,NA,NA,685.666666666667,NA,NA,685.666666666667
"114","17031802608",1998,1,500,500,0,0,1,1,0,0,0,0,1,0,0,1,-0.02,NA,0.27,0.27,-0.29,NA,0,500,0,0,0,0,500,0,0,500,NA,500,NA,NA,NA,NA,500,NA,NA,500
"115","17031804106",1998,1,1000,1000,1,1,0,0,0,0,0,1,0,0,0,1,-0.2,NA,0.16,0.16,-0.36,NA,1000,0,0,0,0,1000,0,0,0,1000,1000,NA,NA,NA,NA,1000,NA,NA,NA,1000
"116","17031805109",1998,1,250,250,1,1,0,0,0,0,0,1,0,0,0,0,0.47,NA,-0.68,-0.68,1.15,NA,250,0,0,0,0,250,0,0,0,0,250,NA,NA,NA,NA,250,NA,NA,NA,NA
"117","17043845300",1998,1,250,250,1,1,0,0,0,0,0,0,0,0,1,0,0,NA,0,0,0,NA,250,0,0,0,0,0,0,0,250,0,250,NA,NA,NA,NA,NA,NA,NA,250,NA
"118","17097861609",1998,30,23950,798.333333333333,0,0,29,0.966666666666667,0,0,0,0.4,0.6,0,0,0.833333333333333,-0.0226666666666667,0.0146059348668044,0.210333333333333,0.210333333333333,-0.233,0.795396886401092,0,23450,0,0,0,8000,15950,0,0,20450,NA,808.620689655172,NA,NA,NA,666.666666666667,886.111111111111,NA,NA,818
"119","17097862700",1998,3,1500,500,0,0,3,1,0,0,0,0.333333333333333,0.666666666666667,0,0,0.666666666666667,-0.02,0,0.0633333333333333,0.0633333333333333,-0.0833333333333333,1.02490649980051,0,1500,0,0,0,500,1000,0,0,1000,NA,500,NA,NA,NA,500,500,NA,NA,500
"120","17097864513",1998,1,500,500,0,0,1,1,0,0,0,0,1,0,0,1,0.53,NA,0.52,0.52,0.01,NA,0,500,0,0,0,0,500,0,0,500,NA,500,NA,NA,NA,NA,500,NA,NA,500
"121","17111870704",1998,1,500,500,0,0,1,1,0,0,0,0,1,0,0,1,-0.02,NA,0.41,0.41,-0.43,NA,0,500,0,0,0,0,500,0,0,500,NA,500,NA,NA,NA,NA,500,NA,NA,500
"122","17113005101",1998,1,500,500,0,0,1,1,0,0,0,1,0,0,0,1,-0.34,NA,-0.29,-0.29,-0.05,NA,0,500,0,0,0,500,0,0,0,500,NA,500,NA,NA,NA,500,NA,NA,NA,500
"123","17197880419",1998,1,100,100,1,1,0,0,0,0,0,0,1,0,0,1,-0.06,NA,0.98,0.98,-1.04,NA,100,0,0,0,0,0,100,0,0,100,100,NA,NA,NA,NA,NA,100,NA,NA,100
"124","18139974300",1998,1,500,500,0,0,1,1,0,0,0,0,1,0,0,1,0.47,NA,0.46,0.46,0.00999999999999995,NA,0,500,0,0,0,0,500,0,0,500,NA,500,NA,NA,NA,NA,500,NA,NA,500
"125","19039960200",1998,1,5000,5000,1,1,0,0,0,0,0,0,0,0,1,0,-0.6,NA,-0.6,-0.6,0,NA,5000,0,0,0,0,0,0,0,5000,0,5000,NA,NA,NA,NA,NA,NA,NA,5000,NA
"126","21119960400",1998,1,100,100,1,1,0,0,0,0,0,0,1,0,0,0,-1.13,NA,-1.03,-1.03,-0.0999999999999999,NA,100,0,0,0,0,0,100,0,0,0,100,NA,NA,NA,NA,NA,100,NA,NA,NA
"127","21151010200",1998,1,1000,1000,1,1,0,0,0,0,0,0,1,0,0,1,1.09,NA,1.04,1.04,0.05,NA,1000,0,0,0,0,0,1000,0,0,1000,1000,NA,NA,NA,NA,NA,1000,NA,NA,1000
"128","21195931100",1998,1,400,400,1,1,0,0,0,0,0,1,0,0,0,0,-0.48,NA,-0.39,-0.39,-0.09,NA,400,0,0,0,0,400,0,0,0,0,400,NA,NA,NA,NA,400,NA,NA,NA,NA
"129","22071001720",1998,1,260,260,1,1,0,0,0,0,0,0,0,0,1,0,0,NA,0,0,0,NA,260,0,0,0,0,0,0,0,260,0,260,NA,NA,NA,NA,NA,NA,NA,260,NA
"130","22095071100",1998,1,1000,1000,1,1,0,0,0,0,0,1,0,0,0,0,-0.87,NA,-0.67,-0.67,-0.2,NA,1000,0,0,0,0,1000,0,0,0,0,1000,NA,NA,NA,NA,1000,NA,NA,NA,NA
"131","22103040305",1998,1,29.85,29.85,0,0,0,0,0,0,0,0,1,0,0,0,0.67,NA,0.65,0.65,0.02,NA,0,0,0,0,0,0,29.85,0,0,0,NA,NA,NA,NA,NA,NA,29.85,NA,NA,NA
"132","23005002002",1998,2,900,450,1,2,0,0,0,0,0,0.5,0,0,0.5,0,-1.11,0.0282842712474618,-0.38,-0.38,-0.165,0.233345237791561,900,0,0,0,0,250,0,0,650,0,450,NA,NA,NA,NA,250,NA,NA,650,NA
"133","23031005100",1998,1,100,100,1,1,0,0,0,0,0,0,0,0,0,0,-0.98,NA,-0.89,-0.89,-0.09,NA,100,0,0,0,0,0,0,0,0,0,100,NA,NA,NA,NA,NA,NA,NA,NA,NA
"134","24003731308",1998,1,100,100,1,1,0,0,0,0,0,1,0,0,0,1,-0.75,NA,-0.75,-0.75,0,NA,100,0,0,0,0,100,0,0,0,100,100,NA,NA,NA,NA,100,NA,NA,NA,100
"135","24031700613",1998,1,1000,1000,1,1,0,0,0,0,0,1,0,0,0,0,-1.22,NA,-1.12,-1.12,-0.0999999999999999,NA,1000,0,0,0,0,1000,0,0,0,0,1000,NA,NA,NA,NA,1000,NA,NA,NA,NA
"136","24031705300",1998,1,100,100,1,1,0,0,0,0,0,1,0,0,0,1,-0.69,NA,-0.53,-0.53,-0.16,NA,100,0,0,0,0,100,0,0,0,100,100,NA,NA,NA,NA,100,NA,NA,NA,100
"137","24031705702",1998,1,300,300,1,1,0,0,0,0,0,1,0,0,0,1,-1.11,NA,-0.31,-0.31,-0.8,NA,300,0,0,0,0,300,0,0,0,300,300,NA,NA,NA,NA,300,NA,NA,NA,300
"138","24510130804",1998,1,25,25,1,1,0,0,0,0,0,1,0,0,0,1,-0.34,NA,0.36,0.36,-0.7,NA,25,0,0,0,0,25,0,0,0,25,25,NA,NA,NA,NA,25,NA,NA,NA,25
"139","24510271200",1998,1,25,25,1,1,0,0,0,0,0,1,0,0,0,1,0.36,NA,0.36,0.36,0,NA,25,0,0,0,0,25,0,0,0,25,25,NA,NA,NA,NA,25,NA,NA,NA,25
"140","25001010206",1998,1,100,100,1,1,0,0,0,0,0,1,0,0,0,1,-1.4,NA,-0.28,-0.28,-1.12,NA,100,0,0,0,0,100,0,0,0,100,100,NA,NA,NA,NA,100,NA,NA,NA,100
"141","25013810901",1998,1,1000,1000,1,1,0,0,0,0,0,0,1,0,0,0,0.6,NA,0.59,0.59,0.01,NA,1000,0,0,0,0,0,1000,0,0,0,1000,NA,NA,NA,NA,NA,1000,NA,NA,NA
"142","25015822300",1998,1,200,200,1,1,0,0,0,0,0,1,0,0,0,0,-1.06,NA,-0.76,-0.76,-0.3,NA,200,0,0,0,0,200,0,0,0,0,200,NA,NA,NA,NA,200,NA,NA,NA,NA
"143","25017320102",1998,1,500,500,1,1,0,0,0,0,0,1,0,0,0,1,-0.49,NA,-0.71,-0.71,0.22,NA,500,0,0,0,0,500,0,0,0,500,500,NA,NA,NA,NA,500,NA,NA,NA,500
"144","25017360200",1998,2,0,0,1,2,0,0,0,0,0,0,0,0,1,0,1.12,0,1.125,1.125,-0.00499999999999989,0.0777817459305201,0,0,0,0,0,0,0,0,0,0,0,NA,NA,NA,NA,NA,NA,NA,0,NA
"145","25017362100",1998,1,-1000,-1000,1,1,0,0,0,0,0,0,0,0,1,0,0,NA,1.18,1.18,0,NA,-1000,0,0,0,0,0,0,0,-1000,0,-1000,NA,NA,NA,NA,NA,NA,NA,-1000,NA
"146","25017364101",1998,1,1000,1000,1,1,0,0,0,0,0,0,1,0,0,0,0.71,NA,0.69,0.69,0.02,NA,1000,0,0,0,0,0,1000,0,0,0,1000,NA,NA,NA,NA,NA,1000,NA,NA,NA
"147","25017373900",1998,2,1022,511,1,2,0,0,0,0,0,0,0,0,1,0,0.49,0,-0.34,-0.34,0.83,0,1022,0,0,0,0,0,0,0,1022,0,511,NA,NA,NA,NA,NA,NA,NA,511,NA
"148","25021404202",1998,1,250,250,1,1,0,0,0,0,0,1,0,0,0,1,-0.87,NA,-0.79,-0.79,-0.08,NA,250,0,0,0,0,250,0,0,0,250,250,NA,NA,NA,NA,250,NA,NA,NA,250
"149","25021422600",1998,1,-1000,-1000,1,1,0,0,0,0,0,1,0,0,0,0,-0.82,NA,-0.55,-0.55,-0.27,NA,-1000,0,0,0,0,-1000,0,0,0,0,-1000,NA,NA,NA,NA,-1000,NA,NA,NA,NA
"150","25025092101",1998,1,50,50,1,1,0,0,0,0,0,1,0,0,0,1,-1.1,NA,-1.01,-1.01,-0.0900000000000001,NA,50,0,0,0,0,50,0,0,0,50,50,NA,NA,NA,NA,50,NA,NA,NA,50
"151","25025170100",1998,1,549,549,1,1,0,0,0,0,0,0,0,0,1,0,-0.94,NA,0,0,0,NA,549,0,0,0,0,0,0,0,549,0,549,NA,NA,NA,NA,NA,NA,NA,549,NA
"152","26081004500",1998,1,100,100,1,1,0,0,0,0,0,0,1,0,0,1,1.16,NA,0.72,0.72,0.44,NA,100,0,0,0,0,0,100,0,0,100,100,NA,NA,NA,NA,NA,100,NA,NA,100
"153","26125140500",1998,2,750,375,1,2,0,0,0,0,0,1,0,0,0,0,-1.14,0.127279220613579,-1.19,-1.19,0.05,0.014142135623731,750,0,0,0,0,750,0,0,0,0,375,NA,NA,NA,NA,375,NA,NA,NA,NA
"154","27003051203",1998,1,500,500,0,0,1,1,0,0,0,0,1,0,0,1,0.36,NA,0.36,0.36,0,NA,0,500,0,0,0,0,500,0,0,500,NA,500,NA,NA,NA,NA,500,NA,NA,500
"155","27053023700",1998,1,500,500,0,0,1,1,0,0,0,1,0,0,0,1,-0.34,NA,-0.29,-0.29,-0.05,NA,0,500,0,0,0,500,0,0,0,500,NA,500,NA,NA,NA,500,NA,NA,NA,500
"156","27053023901",1998,23,16500,717.391304347826,0,0,23,1,0,0,0,0.652173913043478,0.347826086956522,0,0,0.565217391304348,-0.306521739130435,0.141183590845787,-0.323913043478261,-0.323913043478261,0.0173913043478261,0.756163867469481,0,16500,0,0,0,9750,6750,0,0,9000,NA,717.391304347826,NA,NA,NA,650,843.75,NA,NA,692.307692307692
"157","27053103400",1998,1,500,500,0,0,1,1,0,0,0,0,1,0,0,1,0.62,NA,0.61,0.61,0.01,NA,0,500,0,0,0,0,500,0,0,500,NA,500,NA,NA,NA,NA,500,NA,NA,500
"158","28019950200",1998,1,2000,2000,1,1,0,0,0,0,0,0,1,0,0,1,0.88,NA,0.89,0.89,-0.01,NA,2000,0,0,0,0,0,2000,0,0,2000,2000,NA,NA,NA,NA,NA,2000,NA,NA,2000
"159","29021001200",1998,1,250,250,1,1,0,0,0,0,0,0,0,0,1,0,3.91,NA,3.69,3.69,0.22,NA,250,0,0,0,0,0,0,0,250,0,250,NA,NA,NA,NA,NA,NA,NA,250,NA
"160","29021002700",1998,1,500,500,1,1,0,0,0,0,0,0,0,0,1,0,-0.09,NA,0,0,0,NA,500,0,0,0,0,0,0,0,500,0,500,NA,NA,NA,NA,NA,NA,NA,500,NA
"161","29095013608",1998,2,1362,681,1,2,0,0,0,0,0,0,1,0,0,1,0.09,0,0.05,0.05,0.04,0,1362,0,0,0,0,0,1362,0,0,1362,681,NA,NA,NA,NA,NA,681,NA,NA,681
"162","29095017300",1998,1,150,150,1,1,0,0,0,0,0,0,1,0,0,1,1.02,NA,0.98,0.98,0.04,NA,150,0,0,0,0,0,150,0,0,150,150,NA,NA,NA,NA,NA,150,NA,NA,150
"163","29099700208",1998,2,2675,1337.5,0,0,2,1,0,0,0,0.5,0.5,0,0,0.5,-0.68,0,-0.015,-0.015,-0.665,0.982878425849301,0,2675,0,0,0,2500,175,0,0,2500,NA,1337.5,NA,NA,NA,2500,175,NA,NA,2500
"164","29177080000",1998,1,250,250,1,1,0,0,0,0,0,0,0,0,1,0,1.12,NA,1.07,1.07,0.05,NA,250,0,0,0,0,0,0,0,250,0,250,NA,NA,NA,NA,NA,NA,NA,250,NA
"165","29189212200",1998,2,1500,750,0.5,1,1,0.5,0,0,0,0,1,0,0,0.5,0.22,0.692964645562817,0.65,0.65,-0.43,0.636396103067893,1000,500,0,0,0,0,1500,0,0,500,1000,500,NA,NA,NA,NA,750,NA,NA,500
"166","29189220444",1998,1,200,200,0,0,1,1,0,0,0,0,1,0,0,1,0.91,NA,0.88,0.88,0.03,NA,0,200,0,0,0,0,200,0,0,200,NA,200,NA,NA,NA,NA,200,NA,NA,200
"167","29189220802",1998,7,4500,642.857142857143,0,0,7,1,0,0,0,0.571428571428571,0.428571428571429,0,0,1,0,0,0.112857142857143,0.112857142857143,-0.112857142857143,0.668299191622891,0,4500,0,0,0,2500,2000,0,0,4500,NA,642.857142857143,NA,NA,NA,625,666.666666666667,NA,NA,642.857142857143
"168","29189221335",1998,1,250,250,1,1,0,0,0,0,0,0,0,0,1,0,1.12,NA,1.07,1.07,0.05,NA,250,0,0,0,0,0,0,0,250,0,250,NA,NA,NA,NA,NA,NA,NA,250,NA
"169","29510110200",1998,22,25500,1159.09090909091,0,0,22,1,0,0,0,0.545454545454545,0.454545454545455,0,0,0.818181818181818,-0.27,0,-0.110454545454545,-0.110454545454545,-0.159545454545455,0.690213750692509,0,25500,0,0,0,19500,6000,0,0,14500,NA,1159.09090909091,NA,NA,NA,1625,600,NA,NA,805.555555555556
"170","29510110300",1998,14,19250,1375,0,0,14,1,0,0,0,0.214285714285714,0.785714285714286,0,0,0.857142857142857,-0.0471428571428572,0.26704734732681,0.315,0.315,-0.362142857142857,0.810158375508514,0,19250,0,0,0,1500,17750,0,0,11250,NA,1375,NA,NA,NA,500,1613.63636363636,NA,NA,937.5
"171","30067000500",1998,1,100,100,1,1,0,0,0,0,0,1,0,0,0,1,-0.09,NA,-1.09,-1.09,1,NA,100,0,0,0,0,100,0,0,0,100,100,NA,NA,NA,NA,100,NA,NA,NA,100
"172","31055001800",1998,1,500,500,0,0,1,1,0,0,0,0,1,0,0,1,0.2,NA,1.01,1.01,-0.81,NA,0,500,0,0,0,0,500,0,0,500,NA,500,NA,NA,NA,NA,500,NA,NA,500
"173","32003001607",1998,1,300,300,1,1,0,0,0,0,0,1,0,0,0,1,-0.71,NA,-0.71,-0.71,0,NA,300,0,0,0,0,300,0,0,0,300,300,NA,NA,NA,NA,300,NA,NA,NA,300
"174","32003001609",1998,1,1000,1000,1,1,0,0,1,0,0,1,0,0,0,0,-0.98,NA,-0.92,-0.92,-0.0599999999999999,NA,1000,0,0,1000,0,1000,0,0,0,0,1000,NA,NA,1000,NA,1000,NA,NA,NA,NA
"175","32003001714",1998,1,50,50,1,1,0,0,1,0,0,1,0,0,0,1,-1.37,NA,-0.65,-0.65,-0.72,NA,50,0,0,50,0,50,0,0,0,50,50,NA,NA,50,NA,50,NA,NA,NA,50
"176","32003002838",1998,1,250,250,1,1,0,0,0,0,0,0,0,0,1,0,0,NA,0,0,0,NA,250,0,0,0,0,0,0,0,250,0,250,NA,NA,NA,NA,NA,NA,NA,250,NA
"177","32003002949",1998,1,500,500,1,1,0,0,0,0,0,0,0,0,1,0,-1.31,NA,0,0,0,NA,500,0,0,0,0,0,0,0,500,0,500,NA,NA,NA,NA,NA,NA,NA,500,NA
"178","32003002966",1998,1,250,250,1,1,0,0,0,0,0,0,0,0,1,0,0,NA,0,0,0,NA,250,0,0,0,0,0,0,0,250,0,250,NA,NA,NA,NA,NA,NA,NA,250,NA
"179","32003003102",1998,2,125,62.5,0,0,2,1,0,0,0,1,0,0,1,0,-1.02,0,-0.94,-0.94,-0.0800000000000001,0,0,125,0,0,0,125,0,0,125,0,NA,62.5,NA,NA,NA,62.5,NA,NA,62.5,NA
"180","32003003218",1998,1,150,150,1,1,0,0,0,0,0,0,1,0,0,1,0.53,NA,0.52,0.52,0.01,NA,150,0,0,0,0,0,150,0,0,150,150,NA,NA,NA,NA,NA,150,NA,NA,150
"181","32003003429",1998,2,1000,500,1,2,0,0,0,0,0,1,0,0,0,0,-0.52,0,-0.9,-0.9,0.38,0.311126983722081,1000,0,0,0,0,1000,0,0,0,0,500,NA,NA,NA,NA,500,NA,NA,NA,NA
"182","32003006700",1998,1,25000,25000,0,0,1,1,0,0,0,0,1,0,1,0,0.03,NA,1.06,1.06,-1.03,NA,0,25000,0,0,0,0,25000,0,25000,0,NA,25000,NA,NA,NA,NA,25000,NA,25000,NA
"183","32031000102",1998,1,1000,1000,0,0,1,1,0,0,0,1,0,0,0,1,-0.02,NA,-0.83,-0.83,0.81,NA,0,1000,0,0,0,1000,0,0,0,1000,NA,1000,NA,NA,NA,1000,NA,NA,NA,1000
"184","32031001013",1998,1,250,250,1,1,0,0,0,0,0,0,1,0,0,1,0.15,NA,0.56,0.56,-0.41,NA,250,0,0,0,0,0,250,0,0,250,250,NA,NA,NA,NA,NA,250,NA,NA,250
"185","32031001103",1998,2,1000,500,0,0,2,1,0,0,0,0.5,0.5,0,0,1,-0.26,0,0.055,0.055,-0.315,1.25157900270019,0,1000,0,0,0,500,500,0,0,1000,NA,500,NA,NA,NA,500,500,NA,NA,500
"186","32031002302",1998,2,3500,1750,0,0,2,1,0,0,0,0,1,0,0,1,0.8,0,0.77,0.77,0.03,0,0,3500,0,0,0,0,3500,0,0,3500,NA,1750,NA,NA,NA,NA,1750,NA,NA,1750
"187","32031003307",1998,1,500,500,1,1,0,0,0,0,0,1,0,0,0,1,-1.14,NA,-1.04,-1.04,-0.0999999999999999,NA,500,0,0,0,0,500,0,0,0,500,500,NA,NA,NA,NA,500,NA,NA,NA,500
"188","32031003308",1998,2,1250,625,1,2,0,0,0,0,0,0,1,0,0,0.5,0.92,0.509116882454314,0.735,0.735,0.185,0.233345237791561,1250,0,0,0,0,0,1250,0,0,1000,625,NA,NA,NA,NA,NA,625,NA,NA,1000
"189","32031003309",1998,3,5000,1666.66666666667,1,3,0,0,0,0,0,1,0,0,0,1,-0.52,0,-0.71,-0.71,0.19,0,5000,0,0,0,0,5000,0,0,0,5000,1666.66666666667,NA,NA,NA,NA,1666.66666666667,NA,NA,NA,1666.66666666667
"190","32031990100",1998,1,100,100,1,1,0,0,0,0,0,0,0,0,1,0,-0.52,NA,-0.46,-0.46,-0.06,NA,100,0,0,0,0,0,0,0,100,0,100,NA,NA,NA,NA,NA,NA,NA,100,NA
"191","33001965598",1998,1,500,500,1,1,0,0,0,0,0,1,0,0,0,1,-0.93,NA,-0.78,-0.78,-0.15,NA,500,0,0,0,0,500,0,0,0,500,500,NA,NA,NA,NA,500,NA,NA,NA,500
"192","33013037000",1998,1,500,500,1,1,0,0,0,0,0,0,0,0,1,0,-0.93,NA,0,0,0,NA,500,0,0,0,0,0,0,0,500,0,500,NA,NA,NA,NA,NA,NA,NA,500,NA
"193","34013006400",1998,1,1000,1000,1,1,0,0,0,0,0,0,1,0,0,1,0.71,NA,0.69,0.69,0.02,NA,1000,0,0,0,0,0,1000,0,0,1000,1000,NA,NA,NA,NA,NA,1000,NA,NA,1000
"194","34013019000",1998,1,1000,1000,1,1,0,0,0,0,0,0,1,0,0,0,0.71,NA,0.69,0.69,0.02,NA,1000,0,0,0,0,0,1000,0,0,0,1000,NA,NA,NA,NA,NA,1000,NA,NA,NA
"195","34021004204",1998,3,550,183.333333333333,1,3,0,0,0,0,0,1,0,0,0,0.333333333333333,-0.56,0.484974226119286,-0.76,-0.76,-0.0533333333333333,0.04618802153517,550,0,0,0,0,550,0,0,0,-100,183.333333333333,NA,NA,NA,NA,183.333333333333,NA,NA,NA,-100
"196","34027043100",1998,4,1000,250,1,4,0,0,0,0,0,0.75,0,0,0.25,0,-1.3,0,-0.6,-0.6,-0.375,0.256839768467943,1000,0,0,0,0,750,0,0,250,0,250,NA,NA,NA,NA,250,NA,NA,250,NA
"197","35001000112",1998,1,100,100,1,1,0,0,0,0,0,1,0,0,0,1,-0.76,NA,-0.4,-0.4,-0.36,NA,100,0,0,0,0,100,0,0,0,100,100,NA,NA,NA,NA,100,NA,NA,NA,100
"198","35006974400",1998,1,1000,1000,0,0,0,0,0,0,0,0,1,0,0,1,1.65,NA,1.03,1.03,0.62,NA,0,0,0,0,0,0,1000,0,0,1000,NA,NA,NA,NA,NA,NA,1000,NA,NA,1000
"199","36061000900",1998,19,4750,250,1,19,0,0,0,0,0,0.736842105263158,0,0,0.263157894736842,0.157894736842105,-0.92,0,-0.57421052631579,-0.57421052631579,-0.103684210526316,0.226843326410195,4750,0,0,0,0,3500,0,0,1250,750,250,NA,NA,NA,NA,250,NA,NA,250,250
"200","36061004100",1998,2,400,200,1,2,0,0,0,0,0,1,0,0,0,1,-0.5,0,-0.66,-0.66,0.16,0.014142135623731,400,0,0,0,0,400,0,0,0,400,200,NA,NA,NA,NA,200,NA,NA,NA,200
"201","36061004700",1998,1,1000,1000,0,0,1,1,0,0,0,1,0,0,0,1,-0.73,NA,-0.66,-0.66,-0.07,NA,0,1000,0,0,0,1000,0,0,0,1000,NA,1000,NA,NA,NA,1000,NA,NA,NA,1000
"202","36061005700",1998,1,500,500,1,1,0,0,0,0,0,1,0,0,0,1,-1.18,NA,-0.72,-0.72,-0.46,NA,500,0,0,0,0,500,0,0,0,500,500,NA,NA,NA,NA,500,NA,NA,NA,500
"203","36061006000",1998,2,3500,1750,0,0,2,1,0,0,0,0,1,0,0,1,-0.08,0,0.93,0.93,-1.01,0.0707106781186548,0,3500,0,0,0,0,3500,0,0,3500,NA,1750,NA,NA,NA,NA,1750,NA,NA,1750
"204","36061007200",1998,7,19000,2714.28571428571,0.285714285714286,2,5,0.714285714285714,0,0,0,0.714285714285714,0,0,0.285714285714286,0.428571428571429,-0.648571428571429,0.087831006565368,-0.487142857142857,-0.487142857142857,-0.161428571428571,0.122940171279715,1000,18000,0,0,0,18000,0,0,1000,6000,500,3600,NA,NA,NA,3600,NA,NA,500,2000
"205","36061009200",1998,1,500,500,1,1,0,0,0,0,0,1,0,0,0,0,-0.88,NA,-0.93,-0.93,0.05,NA,500,0,0,0,0,500,0,0,0,0,500,NA,NA,NA,NA,500,NA,NA,NA,NA
"206","36061010000",1998,23,15250,663.04347826087,0,0,23,1,0,0,0,0.173913043478261,0.826086956521739,0,0,0.739130434782609,0.2,0,0.483478260869565,0.483478260869565,-0.283478260869565,0.672408214051636,0,15250,0,0,0,3000,12250,0,0,11500,NA,663.04347826087,NA,NA,NA,750,644.736842105263,NA,NA,676.470588235294
"207","36061012600",1998,1,250,250,1,1,0,0,0,0,0,0,0,0,1,0,-1.09,NA,0,0,0,NA,250,0,0,0,0,0,0,0,250,0,250,NA,NA,NA,NA,NA,NA,NA,250,NA
"208","36061013900",1998,1,2500,2500,0,0,0,0,0,0,0,0,0,0,1,0,-1.34,NA,-1.23,-1.23,-0.11,NA,0,0,0,0,0,0,0,0,2500,0,NA,NA,NA,NA,NA,NA,NA,NA,2500,NA
"209","36079010300",1998,1,10000,10000,1,1,0,0,1,0,0,0,0,0,1,0,-0.59,NA,-1.17,-1.17,0.58,NA,10000,0,0,10000,0,0,0,0,10000,0,10000,NA,NA,10000,NA,NA,NA,NA,10000,NA
"210","36081103201",1998,1,1000,1000,1,1,0,0,0,0,0,1,0,0,0,0,0.59,NA,-0.55,-0.55,1.14,NA,1000,0,0,0,0,1000,0,0,0,0,1000,NA,NA,NA,NA,1000,NA,NA,NA,NA
"211","36091062507",1998,1,500,500,0,0,1,1,0,0,0,0,1,0,0,0,-0.06,NA,0.7,0.7,-0.76,NA,0,500,0,0,0,0,500,0,0,0,NA,500,NA,NA,NA,NA,500,NA,NA,NA
"212","36091062700",1998,1,100,100,0,0,1,1,0,0,0,0,1,0,0,1,-0.06,NA,0.93,0.93,-0.99,NA,0,100,0,0,0,0,100,0,0,100,NA,100,NA,NA,NA,NA,100,NA,NA,100
"213","36103112210",1998,3,3000,1000,1,3,0,0,1,0,0,0,1,0,0,0.666666666666667,0.45,0.190525588832577,0.69,0.69,-0.24,0.190525588832577,3000,0,0,1000,0,0,3000,0,0,2000,1000,NA,NA,1000,NA,NA,1000,NA,NA,1000
"214","36103190707",1998,1,1000,1000,1,1,0,0,0,0,0,1,0,0,0,0,-0.26,NA,-1.12,-1.12,0.86,NA,1000,0,0,0,0,1000,0,0,0,0,1000,NA,NA,NA,NA,1000,NA,NA,NA,NA
"215","36103200901",1998,1,250,250,1,1,0,0,0,0,0,1,0,0,0,0,-1.11,NA,-1.11,-1.11,0,NA,250,0,0,0,0,250,0,0,0,0,250,NA,NA,NA,NA,250,NA,NA,NA,NA
"216","36119007700",1998,1,250,250,1,1,0,0,1,0,0,0,1,0,0,0,-0.29,NA,1.02,1.02,-1.31,NA,250,0,0,250,0,0,250,0,0,0,250,NA,NA,250,NA,NA,250,NA,NA,NA
"217","36119014901",1998,1,5000,5000,0,0,1,1,0,0,0,1,0,0,1,0,0.31,NA,-0.94,-0.94,1.25,NA,0,5000,0,0,0,5000,0,0,5000,0,NA,5000,NA,NA,NA,5000,NA,NA,5000,NA
"218","37063000402",1998,10,6250,625,0,0,10,1,0,0,0,0.5,0.5,0,0,0.9,-0.25,0,-0.06,-0.06,-0.19,0.80936188856819,0,6250,0,0,0,3000,3250,0,0,5250,NA,625,NA,NA,NA,600,650,NA,NA,583.333333333333
"219","37063001601",1998,6,3250,541.666666666667,0,0,6,1,0,0,0,0.333333333333333,0.666666666666667,0,0,0.833333333333333,-0.25,0,0.243333333333333,0.243333333333333,-0.493333333333333,0.808991141278238,0,3250,0,0,0,1500,1750,0,0,3000,NA,541.666666666667,NA,NA,NA,750,437.5,NA,NA,600
"220","37119005841",1998,1,500,500,0,0,0,0,0,1,0,0,0,0,1,1,0,NA,0,0,0,NA,0,0,500,0,0,0,0,0,500,500,NA,NA,500,NA,NA,NA,NA,NA,500,500
"221","37133002600",1998,1,250,250,1,1,0,0,0,0,0,1,0,0,0,1,-0.53,NA,-0.55,-0.55,0.02,NA,250,0,0,0,0,250,0,0,0,250,250,NA,NA,NA,NA,250,NA,NA,NA,250
"222","39023002601",1998,1,750,750,1,1,0,0,1,0,0,0,0,0,1,0,0,NA,0,0,0,NA,750,0,0,750,0,0,0,0,750,0,750,NA,NA,750,NA,NA,NA,NA,750,NA
"223","39025040600",1998,2,575,287.5,0,0,2,1,0,0,0,0,1,0,0,1,0.26,0,0.76,0.76,-0.5,0,0,575,0,0,0,0,575,0,0,575,NA,287.5,NA,NA,NA,NA,287.5,NA,NA,287.5
"224","39035124100",1998,1,1000,1000,0,0,1,1,0,0,0,1,0,0,0,1,-0.06,NA,-0.18,-0.18,0.12,NA,0,1000,0,0,0,1000,0,0,0,1000,NA,1000,NA,NA,NA,1000,NA,NA,NA,1000
"225","39035134300",1998,1,500,500,1,1,0,0,0,0,0,1,0,0,0,1,-1.15,NA,-0.86,-0.86,-0.29,NA,500,0,0,0,0,500,0,0,0,500,500,NA,NA,NA,NA,500,NA,NA,NA,500
"226","39035161300",1998,1,500,500,1,1,0,0,0,0,0,0,0,1,0,0,0.27,NA,0.27,0.27,0,NA,500,0,0,0,0,0,0,500,0,0,500,NA,NA,NA,NA,NA,NA,500,NA,NA
"227","39035170102",1998,1,1000,1000,1,1,0,0,0,0,0,0,1,0,0,1,1.2,NA,0.69,0.69,0.51,NA,1000,0,0,0,0,0,1000,0,0,1000,1000,NA,NA,NA,NA,NA,1000,NA,NA,1000
"228","39067975700",1998,1,1000,1000,1,1,0,0,0,0,0,0,0,0,1,0,0.58,NA,0.52,0.52,0.0599999999999999,NA,1000,0,0,0,0,0,0,0,1000,0,1000,NA,NA,NA,NA,NA,NA,NA,1000,NA
"229","39079957400",1998,1,1000,1000,1,1,0,0,0,0,0,0,0,0,1,0,1.22,NA,1.19,1.19,0.03,NA,1000,0,0,0,0,0,0,0,1000,0,1000,NA,NA,NA,NA,NA,NA,NA,1000,NA
"230","39099813700",1998,1,1000,1000,1,1,0,0,0,0,0,1,0,0,0,0,-0.68,NA,-1.21,-1.21,0.53,NA,1000,0,0,0,0,1000,0,0,0,0,1000,NA,NA,NA,NA,1000,NA,NA,NA,NA
"231","39103402000",1998,1,250,250,1,1,0,0,0,0,0,1,0,0,0,1,-0.65,NA,-0.59,-0.59,-0.0600000000000001,NA,250,0,0,0,0,250,0,0,0,250,250,NA,NA,NA,NA,250,NA,NA,NA,250
"232","40037020704",1998,1,24,24,1,1,0,0,0,0,0,0,0,0,1,0,0.23,NA,0.23,0.23,0,NA,24,0,0,0,0,0,0,0,24,0,24,NA,NA,NA,NA,NA,NA,NA,24,NA
"233","40037020900",1998,1,250,250,1,1,0,0,0,0,0,1,0,0,0,1,-0.49,NA,-0.51,-0.51,0.02,NA,250,0,0,0,0,250,0,0,0,250,250,NA,NA,NA,NA,250,NA,NA,NA,250
"234","40109105600",1998,1,1000,1000,1,1,0,0,0,0,0,1,0,0,0,0,-1.28,NA,-1.18,-1.18,-0.1,NA,1000,0,0,0,0,1000,0,0,0,0,1000,NA,NA,NA,NA,1000,NA,NA,NA,NA
"235","41003010200",1998,18,8575,476.388888888889,0.5,9,7,0.388888888888889,0,0,0,0.888888888888889,0.111111111111111,0,0,0.555555555555556,-0.641666666666667,0.611144057341254,-0.497777777777778,-0.497777777777778,-0.143888888888889,0.235849874705697,3075,2500,0,0,0,7075,1500,0,0,3725,341.666666666667,357.142857142857,NA,NA,NA,442.1875,750,NA,NA,372.5
"236","41005021300",1998,1,500,500,1,1,0,0,1,0,0,1,0,0,0,1,-0.75,NA,-0.68,-0.68,-0.07,NA,500,0,0,500,0,500,0,0,0,500,500,NA,NA,500,NA,500,NA,NA,NA,500
"237","41005021801",1998,1,250,250,1,1,0,0,0,0,0,0,1,0,0,0,0.87,NA,0.84,0.84,0.03,NA,250,0,0,0,0,0,250,0,0,0,250,NA,NA,NA,NA,NA,250,NA,NA,NA
"238","41005022208",1998,1,1000,1000,1,1,0,0,0,0,0,0,1,0,0,1,0.46,NA,0.69,0.69,-0.23,NA,1000,0,0,0,0,0,1000,0,0,1000,1000,NA,NA,NA,NA,NA,1000,NA,NA,1000
"239","41005024303",1998,16,11450,715.625,1,16,0,0,0,0,0,0,0.8125,0,0.1875,0.25,0.84,0,0.723125,0.723125,0.011875,0.159173647316382,11450,0,0,0,0,0,8650,0,2800,4000,715.625,NA,NA,NA,NA,NA,665.384615384615,NA,933.333333333333,1000
"240","41007951300",1998,1,750,750,0,0,0,0,0,0,0,0,0,0,0,1,-0.73,NA,-0.96,-0.96,0.23,NA,0,0,0,0,0,0,0,0,0,750,NA,NA,NA,NA,NA,NA,NA,NA,NA,750
"241","41019150000",1998,1,500,500,1,1,0,0,0,0,0,0,0,0,1,0,0,NA,0,0,0,NA,500,0,0,0,0,0,0,0,500,0,500,NA,NA,NA,NA,NA,NA,NA,500,NA
"242","41029002100",1998,1,100,100,1,1,0,0,0,0,0,0,0,0,0,1,-0.66,NA,-0.59,-0.59,-0.0700000000000001,NA,100,0,0,0,0,0,0,0,0,100,100,NA,NA,NA,NA,NA,NA,NA,NA,100
"243","41029002200",1998,1,1000,1000,1,1,0,0,0,0,1,0,0,0,1,0,0,NA,0,0,0,NA,1000,0,0,0,1000,0,0,0,1000,0,1000,NA,NA,NA,1000,NA,NA,NA,1000,NA
"244","41039000402",1998,1,500,500,1,1,0,0,0,0,0,0,1,0,0,1,0.71,NA,0.69,0.69,0.02,NA,500,0,0,0,0,0,500,0,0,500,500,NA,NA,NA,NA,NA,500,NA,NA,500
"245","41039003000",1998,1,500,500,1,1,0,0,0,0,0,1,0,0,0,0,-1.22,NA,-1.12,-1.12,-0.0999999999999999,NA,500,0,0,0,0,500,0,0,0,0,500,NA,NA,NA,NA,500,NA,NA,NA,NA
"246","41047010304",1998,1,20,20,1,1,0,0,0,0,0,1,0,0,0,1,-1.15,NA,-0.59,-0.59,-0.56,NA,20,0,0,0,0,20,0,0,0,20,20,NA,NA,NA,NA,20,NA,NA,NA,20
"247","41047010307",1998,1,100,100,1,1,0,0,0,0,0,0,1,0,0,1,0.97,NA,0.93,0.93,0.0399999999999999,NA,100,0,0,0,0,0,100,0,0,100,100,NA,NA,NA,NA,NA,100,NA,NA,100
"248","41051002600",1998,2,350,175,0,0,1,0.5,0,0,0,1,0,0,0,0.5,-0.83,0.0424264068711928,-0.395,-0.395,-0.435,0.926309883354377,0,100,0,0,0,350,0,0,0,250,NA,100,NA,NA,NA,175,NA,NA,NA,250
"249","41051005800",1998,1,125,125,0,0,0,0,0,0,0,0,0,0,0,0,-0.59,NA,-0.53,-0.53,-0.0599999999999999,NA,0,0,0,0,0,0,0,0,0,0,NA,NA,NA,NA,NA,NA,NA,NA,NA,NA
"250","41051009702",1998,3,1500,500,0,0,3,1,0,0,0,0,1,0,0,0.666666666666667,0.27,0,0.68,0.68,-0.41,0.13856406460551,0,1500,0,0,0,0,1500,0,0,500,NA,500,NA,NA,NA,NA,500,NA,NA,250
"251","41051010407",1998,1,1000,1000,1,1,0,0,0,0,0,0,0,0,1,0,-0.83,NA,-0.87,-0.87,0.04,NA,1000,0,0,0,0,0,0,0,1000,0,1000,NA,NA,NA,NA,NA,NA,NA,1000,NA
"252","41067031100",1998,1,350,350,0,0,1,1,0,0,0,0,0,0,1,0,1.12,NA,1.07,1.07,0.05,NA,0,350,0,0,0,0,0,0,350,0,NA,350,NA,NA,NA,NA,NA,NA,350,NA
"253","41067032110",1998,1,203,203,0,0,1,1,0,0,0,1,0,0,1,0,-0.55,NA,-0.94,-0.94,0.39,NA,0,203,0,0,0,203,0,0,203,0,NA,203,NA,NA,NA,203,NA,NA,203,NA
"254","41067032407",1998,1,150000,150000,1,1,0,0,0,0,0,0,0,0,1,0,0.15,NA,1.07,1.07,-0.92,NA,150000,0,0,0,0,0,0,0,150000,0,150000,NA,NA,NA,NA,NA,NA,NA,150000,NA
"255","41067033000",1998,1,150,150,0,0,1,1,0,0,0,1,0,0,0,1,-0.08,NA,-0.91,-0.91,0.83,NA,0,150,0,0,0,150,0,0,0,150,NA,150,NA,NA,NA,150,NA,NA,NA,150
"256","42003474202",1998,1,100,100,1,1,0,0,1,0,0,0,0,0,0,0,-0.48,NA,-0.43,-0.43,-0.05,NA,100,0,0,100,0,0,0,0,0,0,100,NA,NA,100,NA,NA,NA,NA,NA,NA
"257","42003503002",1998,1,600,600,0,0,0,0,0,0,0,1,0,0,1,0,-1.1,NA,-1.01,-1.01,-0.0900000000000001,NA,0,0,0,0,0,600,0,0,600,0,NA,NA,NA,NA,NA,600,NA,NA,600,NA
"258","42017100304",1998,1,500,500,1,1,0,0,0,0,0,0,0,0,1,0,-0.84,NA,0.48,0.48,-1.32,NA,500,0,0,0,0,0,0,0,500,0,500,NA,NA,NA,NA,NA,NA,NA,500,NA
"259","42069110201",1998,1,200,200,1,1,0,0,0,0,0,0,1,0,0,0,1.11,NA,1.07,1.07,0.04,NA,200,0,0,0,0,0,200,0,0,0,200,NA,NA,NA,NA,NA,200,NA,NA,NA
"260","42071010501",1998,1,250,250,1,1,0,0,1,0,0,0,1,0,0,1,1.04,NA,0.69,0.69,0.35,NA,250,0,0,250,0,0,250,0,0,250,250,NA,NA,250,NA,NA,250,NA,NA,250
"261","42091200106",1998,1,1000,1000,0,0,1,1,0,0,0,0,0,0,1,0,-1.34,NA,-1.23,-1.23,-0.11,NA,0,1000,0,0,0,0,0,0,1000,0,NA,1000,NA,NA,NA,NA,NA,NA,1000,NA
"262","42101013200",1998,1,-1000,-1000,1,1,0,0,0,0,0,0,1,0,0,0,-0.55,NA,0.46,0.46,-1.01,NA,-1000,0,0,0,0,0,-1000,0,0,0,-1000,NA,NA,NA,NA,NA,-1000,NA,NA,NA
"263","42125742100",1998,4,29500,7375,0,0,4,1,0,0,0,0.5,0.5,0,0,0.5,0.23,0,0.06,0.06,0.17,0.819634064689847,0,29500,0,0,0,22000,7500,0,0,22500,NA,7375,NA,NA,NA,11000,3750,NA,NA,11250
"264","42133020720",1998,1,200,200,1,1,0,0,0,0,0,1,0,0,0,1,-0.71,NA,-0.64,-0.64,-0.07,NA,200,0,0,0,0,200,0,0,0,200,200,NA,NA,NA,NA,200,NA,NA,NA,200
"265","45051060406",1998,1,500,500,1,1,0,0,0,0,0,0,1,0,0,1,1.1,NA,1.05,1.05,0.05,NA,500,0,0,0,0,0,500,0,0,500,500,NA,NA,NA,NA,NA,500,NA,NA,500
"266","45073030702",1998,1,50,50,1,1,0,0,0,0,0,1,0,0,0,1,-0.57,NA,-0.51,-0.51,-0.0599999999999999,NA,50,0,0,0,0,50,0,0,0,50,50,NA,NA,NA,NA,50,NA,NA,NA,50
"267","45083021200",1998,2,2000,1000,0,0,2,1,0,0,0,1,0,0,0,0.5,0.04,0,-0.59,-0.59,0.63,0.0282842712474619,0,2000,0,0,0,2000,0,0,0,1000,NA,1000,NA,NA,NA,1000,NA,NA,NA,1000
"268","46029954100",1998,2,0,0,1,2,0,0,0,0,0,1,0,0,0,0,-0.85,0,-1.12,-1.12,0.27,0,0,0,0,0,0,0,0,0,0,0,0,NA,NA,NA,NA,0,NA,NA,NA,NA
"269","47037019003",1998,4,5000,1250,0,0,4,1,0,0,0,0.25,0.75,0,0,0.75,0.27,0,0.545,0.545,-0.275,0.497895571380184,0,5000,0,0,0,2500,2500,0,0,2500,NA,1250,NA,NA,NA,2500,833.333333333333,NA,NA,833.333333333333
"270","47155080300",1998,1,250,250,1,1,0,0,0,0,0,1,0,0,0,0,-0.78,NA,-0.61,-0.61,-0.17,NA,250,0,0,0,0,250,0,0,0,0,250,NA,NA,NA,NA,250,NA,NA,NA,NA
"271","47157008700",1998,2,606,303,0,0,2,1,0,0,0,0,1,0,0,1,0.58,0,0.5,0.5,0.08,0.197989898732233,0,606,0,0,0,0,606,0,0,606,NA,303,NA,NA,NA,NA,303,NA,NA,303
"272","48029110100",1998,4,26500,6625,0.5,2,2,0.5,0,0,0,0,0.5,0,0.5,0.5,0.3,0.0346410161513775,0.655,0.655,-0.355,0.430232495285979,1000,25500,0,0,0,0,25500,0,1000,25500,500,12750,NA,NA,NA,NA,12750,NA,500,12750
"273","48029180202",1998,1,250,250,0,0,1,1,0,0,0,0,1,0,0,1,0.33,NA,0.76,0.76,-0.43,NA,0,250,0,0,0,0,250,0,0,250,NA,250,NA,NA,NA,NA,250,NA,NA,250
"274","48029190604",1998,1,500,500,0,0,1,1,0,0,0,0,1,0,0,1,0.33,NA,1.11,1.11,-0.78,NA,0,500,0,0,0,0,500,0,0,500,NA,500,NA,NA,NA,NA,500,NA,NA,500
"275","48107950100",1998,1,100,100,1,1,0,0,0,0,0,0,1,0,0,1,2.15,NA,2.03,2.03,0.12,NA,100,0,0,0,0,0,100,0,0,100,100,NA,NA,NA,NA,NA,100,NA,NA,100
"276","48113012400",1998,1,200,200,1,1,0,0,0,0,0,0,0,0,1,0,0,NA,0,0,0,NA,200,0,0,0,0,0,0,0,200,0,200,NA,NA,NA,NA,NA,NA,NA,200,NA
"277","48113016623",1998,1,150,150,1,1,0,0,0,0,0,0,1,0,0,1,1.23,NA,1.37,1.37,-0.14,NA,150,0,0,0,0,0,150,0,0,150,150,NA,NA,NA,NA,NA,150,NA,NA,150
"278","48113020300",1998,47,42850,911.702127659574,0,0,0,0,0,0,0,0.48936170212766,0.51063829787234,0,0,0.893617021276596,0.15,0,0.0217021276595745,0.0217021276595745,0.128297872340426,0.836206026071836,0,0,0,0,0,23050,19800,0,0,33350,NA,NA,NA,NA,NA,1002.17391304348,825,NA,NA,794.047619047619
"279","48139061600",1998,1,100,100,1,1,0,0,0,0,0,1,0,0,0,1,-1.15,NA,-1.06,-1.06,-0.0899999999999999,NA,100,0,0,0,0,100,0,0,0,100,100,NA,NA,NA,NA,100,NA,NA,NA,100
"280","48201100000",1998,1,3000,3000,0,0,1,1,0,0,0,1,0,0,0,0,-0.5,NA,-0.17,-0.17,-0.33,NA,0,3000,0,0,0,3000,0,0,0,0,NA,3000,NA,NA,NA,3000,NA,NA,NA,NA
"281","48201421900",1998,1,200,200,0,0,1,1,0,0,0,1,0,0,0,1,-0.73,NA,-1.3,-1.3,0.57,NA,0,200,0,0,0,200,0,0,0,200,NA,200,NA,NA,NA,200,NA,NA,NA,200
"282","48201450300",1998,2,1200,600,1,2,0,0,0,0,0,0,0,0,1,0,1.08,0,0,0,0,0,1200,0,0,0,0,0,0,0,1200,0,600,NA,NA,NA,NA,NA,NA,NA,600,NA
"283","48201531700",1998,8,4600,575,0,0,0,0,0,0,0,0.25,0.75,0,0,1,0.22,0,0.4225,0.4225,-0.2025,0.679994747878877,0,0,0,0,0,1150,3450,0,0,4600,NA,NA,NA,NA,NA,575,575,NA,NA,575
"284","48203020402",1998,1,250,250,0,0,1,1,0,0,0,0,1,0,0,1,0.32,NA,0.62,0.62,-0.3,NA,0,250,0,0,0,0,250,0,0,250,NA,250,NA,NA,NA,NA,250,NA,NA,250
"285","48491020405",1998,223,239662,1074.71748878924,0,0,0,0,0,0,0,0.273542600896861,0.681614349775785,0.00448430493273543,0.0403587443946188,0.367713004484305,0.33,0,0.447040358744395,0.447040358744395,-0.118520179372197,0.608295549829447,0,0,0,0,0,48500,107500,1000,82662,62000,NA,NA,NA,NA,NA,795.081967213115,707.236842105263,1000,9184.66666666667,756.09756097561
"286","49035100500",1998,1,200,200,1,1,0,0,0,0,0,0,0,0,0,0,-0.81,NA,-0.73,-0.73,-0.0800000000000001,NA,200,0,0,0,0,0,0,0,0,0,200,NA,NA,NA,NA,NA,NA,NA,NA,NA
"287","49035111702",1998,1,5000,5000,1,1,0,0,0,0,0,0,0,0,1,0,-0.87,NA,0,0,0,NA,5000,0,0,0,0,0,0,0,5000,0,5000,NA,NA,NA,NA,NA,NA,NA,5000,NA
"288","49035112613",1998,2,2269,1134.5,1,2,0,0,0,0,0,0,0,0,1,0,0,0,0,0,0,0,2269,0,0,0,0,0,0,0,2269,0,1134.5,NA,NA,NA,NA,NA,NA,NA,1134.5,NA
"289","49035112815",1998,5,1850,370,1,5,0,0,3,0,0,0,0.6,0,0,0.2,-0.51,0,0.182,0.182,-0.692,0.703647639092181,1850,0,0,1700,0,0,1150,0,0,1000,370,NA,NA,566.666666666667,NA,NA,383.333333333333,NA,NA,1000
"290","51013101200",1998,1,250,250,1,1,0,0,0,0,0,1,0,0,0,1,-0.7,NA,-0.63,-0.63,-0.07,NA,250,0,0,0,0,250,0,0,0,250,250,NA,NA,NA,NA,250,NA,NA,NA,250
"291","51013101404",1998,1,1000,1000,1,1,0,0,0,0,0,0,1,0,0,0,0.17,NA,0.69,0.69,-0.52,NA,1000,0,0,0,0,0,1000,0,0,0,1000,NA,NA,NA,NA,NA,1000,NA,NA,NA
"292","51013101500",1998,1,500,500,1,1,0,0,0,0,0,0,1,0,0,1,0.71,NA,0.69,0.69,0.02,NA,500,0,0,0,0,0,500,0,0,500,500,NA,NA,NA,NA,NA,500,NA,NA,500
"293","51013101603",1998,5,1590,318,1,5,0,0,0,0,0,0,0,0,1,0,1.09,0,1.11,1.11,-0.02,0,1590,0,0,0,0,0,0,0,1590,0,318,NA,NA,NA,NA,NA,NA,NA,318,NA
"294","51059440100",1998,1,1000,1000,1,1,0,0,0,0,0,0,1,0,0,1,0.71,NA,0.69,0.69,0.02,NA,1000,0,0,0,0,0,1000,0,0,1000,1000,NA,NA,NA,NA,NA,1000,NA,NA,1000
"295","51059440800",1998,1,-25,-25,1,1,0,0,0,0,0,0,1,0,0,1,0.77,NA,0.39,0.39,0.38,NA,-25,0,0,0,0,0,-25,0,0,-25,-25,NA,NA,NA,NA,NA,-25,NA,NA,-25
"296","51059470100",1998,1,500,500,1,1,0,0,0,0,0,0,1,0,0,1,0.46,NA,0.85,0.85,-0.39,NA,500,0,0,0,0,0,500,0,0,500,500,NA,NA,NA,NA,NA,500,NA,NA,500
"297","51059470400",1998,1,1000,1000,1,1,0,0,0,0,0,1,0,0,0,0,-0.03,NA,-0.57,-0.57,0.54,NA,1000,0,0,0,0,1000,0,0,0,0,1000,NA,NA,NA,NA,1000,NA,NA,NA,NA
"298","51059480202",1998,2,760,380,1,2,0,0,0,0,0,0,0,0,1,0,0,0,0,0,0,0,760,0,0,0,0,0,0,0,760,0,380,NA,NA,NA,NA,NA,NA,NA,380,NA
"299","51059480402",1998,2,1250,625,1,2,0,0,0,0,0,0,0.5,0,0.5,0,0.87,0.339411254969543,0.53,0.53,0.025,0.0353553390593274,1250,0,0,0,0,0,1000,0,250,0,625,NA,NA,NA,NA,NA,1000,NA,250,NA
"300","51155210202",1998,1,1000,1000,1,1,0,0,0,0,0,0,0,0,1,0,1.13,NA,1.11,1.11,0.0199999999999998,NA,1000,0,0,0,0,0,0,0,1000,0,1000,NA,NA,NA,NA,NA,NA,NA,1000,NA
"301","51600300300",1998,2,800,400,0.5,1,0,0,0,0,0,0.5,0.5,0,0,0.5,0.32,0.537401153701776,0.27,0.27,0.05,0.523259018078045,500,0,0,0,0,500,300,0,0,300,500,NA,NA,NA,NA,500,300,NA,NA,300
"302","51700031602",1998,1,1000,1000,1,1,0,0,0,1,0,0,1,0,0,1,0.71,NA,0.69,0.69,0.02,NA,1000,0,1000,0,0,0,1000,0,0,1000,1000,NA,1000,NA,NA,NA,1000,NA,NA,1000
"303","51710004900",1998,1,1000,1000,1,1,0,0,0,0,0,1,0,0,0,0,-1.06,NA,-1,-1,-0.0600000000000001,NA,1000,0,0,0,0,1000,0,0,0,0,1000,NA,NA,NA,NA,1000,NA,NA,NA,NA
"304","51710980300",1998,10,7539,753.9,1,10,0,0,0,0,0,0.1,0.4,0,0.5,0.3,0.69,0,0.195,0.195,0.15,0.391464486824085,7539,0,0,0,0,250,3225,0,4064,2975,753.9,NA,NA,NA,NA,250,806.25,NA,812.8,991.666666666667
"305","51810044807",1998,1,295,295,1,1,0,0,0,1,0,0,0,0,1,0,1.16,NA,1.11,1.11,0.0499999999999998,NA,295,0,295,0,0,0,0,0,295,0,295,NA,295,NA,NA,NA,NA,NA,295,NA
"306","53003960100",1998,1,500,500,1,1,0,0,1,0,0,1,0,0,0,1,-0.82,NA,-0.72,-0.72,-0.1,NA,500,0,0,500,0,500,0,0,0,500,500,NA,NA,500,NA,500,NA,NA,NA,500
"307","53005010500",1998,6,10500,1750,1,6,0,0,1,0,0,0.5,0.166666666666667,0,0.333333333333333,0.166666666666667,-0.58,0,-0.59,-0.59,0.106666666666667,0.707606293546536,10500,0,0,3000,0,2000,500,0,8000,500,1750,NA,NA,3000,NA,666.666666666667,500,NA,4000,500
"308","53011040504",1998,1,25,25,0,0,1,1,0,0,0,0,1,0,0,1,0.3,NA,0.6,0.6,-0.3,NA,0,25,0,0,0,0,25,0,0,25,NA,25,NA,NA,NA,NA,25,NA,NA,25
"309","53033001500",1998,6,1642,273.666666666667,0.5,3,2,0.333333333333333,1,0,0,0.666666666666667,0.333333333333333,0,0,0.833333333333333,-0.503333333333333,0.823399457533624,-0.503333333333333,-0.503333333333333,-3.23837636394264e-17,0.121983605455815,750,642,0,250,0,1000,642,0,0,1392,250,321,NA,250,NA,250,321,NA,NA,278.4
"310","53033004800",1998,1,100,100,1,1,0,0,0,0,0,1,0,0,0,1,-1.28,NA,-1.22,-1.22,-0.0600000000000001,NA,100,0,0,0,0,100,0,0,0,100,100,NA,NA,NA,NA,100,NA,NA,NA,100
"311","53033004900",1998,6,3950,658.333333333333,0.666666666666667,4,2,0.333333333333333,0,0,0,0,0.833333333333333,0,0.166666666666667,0.5,0.128333333333333,1.1257960146788,0.246666666666667,0.246666666666667,-0.118333333333333,0.791919608714588,3500,450,0,0,0,0,2950,0,1000,1450,875,225,NA,NA,NA,NA,590,NA,1000,483.333333333333
"312","53033006100",1998,1,5000,5000,0,0,1,1,0,0,0,0,1,0,0,1,0.91,NA,0.88,0.88,0.03,NA,0,5000,0,0,0,0,5000,0,0,5000,NA,5000,NA,NA,NA,NA,5000,NA,NA,5000
"313","53033006800",1998,2,1500,750,0,0,2,1,0,0,0,0,1,0,0,1,0.7,0,0.69,0.69,0.00999999999999995,0.0989949493661167,0,1500,0,0,0,0,1500,0,0,1500,NA,750,NA,NA,NA,NA,750,NA,NA,750
"314","53033008001",1998,1,1000,1000,1,1,0,0,0,0,0,1,0,0,0,0,-1.38,NA,-1.18,-1.18,-0.2,NA,1000,0,0,0,0,1000,0,0,0,0,1000,NA,NA,NA,NA,1000,NA,NA,NA,NA
"315","53033008100",1998,2,6000,3000,0,0,2,1,0,0,0,0,1,0,1,0,0.8,0,1.06,1.06,-0.26,0,0,6000,0,0,0,0,6000,0,6000,0,NA,3000,NA,NA,NA,NA,3000,NA,3000,NA
"316","53033008200",1998,7,75000,10714.2857142857,0,0,7,1,0,0,0,0,1,0,0,1,0.93,0,0.662857142857143,0.662857142857143,0.267142857142857,0.219143353820757,0,75000,0,0,0,0,75000,0,0,75000,NA,10714.2857142857,NA,NA,NA,NA,10714.2857142857,NA,NA,10714.2857142857
"317","53033008900",1998,1,1000,1000,1,1,0,0,0,0,0,0,1,0,0,1,0,NA,0.79,0.79,-0.79,NA,1000,0,0,0,0,0,1000,0,0,1000,1000,NA,NA,NA,NA,NA,1000,NA,NA,1000
"318","53033009400",1998,1,250,250,0,0,1,1,0,0,0,0,1,0,0,1,0.65,NA,0.93,0.93,-0.28,NA,0,250,0,0,0,0,250,0,0,250,NA,250,NA,NA,NA,NA,250,NA,NA,250
"319","53033009600",1998,1,1000,1000,0,0,0,0,0,0,0,0,1,0,0,1,0.64,NA,0.62,0.62,0.02,NA,0,0,0,0,0,0,1000,0,0,1000,NA,NA,NA,NA,NA,NA,1000,NA,NA,1000
"320","53033009701",1998,2,270,135,1,2,0,0,0,0,0,0.5,0.5,0,0,0,-0.285,1.71826947828331,-0.39,-0.39,0.105,0.304055915910216,270,0,0,0,0,20,250,0,0,0,135,NA,NA,NA,NA,20,250,NA,NA,NA
"321","53033021400",1998,1,250,250,1,1,0,0,0,0,0,0,1,0,0,1,0.71,NA,0.69,0.69,0.02,NA,250,0,0,0,0,0,250,0,0,250,250,NA,NA,NA,NA,NA,250,NA,NA,250
"322","53033024300",1998,1,900,900,1,1,0,0,0,0,0,1,0,0,0,1,-0.34,NA,-0.3,-0.3,-0.04,NA,900,0,0,0,0,900,0,0,0,900,900,NA,NA,NA,NA,900,NA,NA,NA,900
"323","53033024602",1998,1,500,500,1,1,0,0,0,0,0,1,0,0,0,0,-1.1,NA,-1.12,-1.12,0.02,NA,500,0,0,0,0,500,0,0,0,0,500,NA,NA,NA,NA,500,NA,NA,NA,NA
"324","53033024702",1998,1,100,100,1,1,0,0,0,0,0,1,0,0,0,1,-0.28,NA,-0.55,-0.55,0.27,NA,100,0,0,0,0,100,0,0,0,100,100,NA,NA,NA,NA,100,NA,NA,NA,100
"325","53033031400",1998,1,-183,-183,1,1,0,0,0,0,0,0,0,0,1,0,-0.41,NA,0,0,0,NA,-183,0,0,0,0,0,0,0,-183,0,-183,NA,NA,NA,NA,NA,NA,NA,-183,NA
"326","53033031502",1998,2,850,425,1,2,0,0,0,0,0,0,0.5,0,0.5,0.5,0.915,0.289913780286485,0.88,0.88,0.035,0.0212132034355964,850,0,0,0,0,0,500,0,350,500,425,NA,NA,NA,NA,NA,500,NA,350,500
"327","53033032208",1998,1,400,400,0,0,1,1,0,0,0,0,1,0,0,1,-0.13,NA,0.7,0.7,-0.83,NA,0,400,0,0,0,0,400,0,0,400,NA,400,NA,NA,NA,NA,400,NA,NA,400
"328","53033032324",1998,1,500,500,1,1,0,0,0,0,0,0,0,0,1,0,-0.96,NA,-0.87,-0.87,-0.09,NA,500,0,0,0,0,0,0,0,500,0,500,NA,NA,NA,NA,NA,NA,NA,500,NA
"329","53033032401",1998,1,500,500,1,1,0,0,0,0,0,0,1,0,0,0,0.65,NA,0.93,0.93,-0.28,NA,500,0,0,0,0,0,500,0,0,0,500,NA,NA,NA,NA,NA,500,NA,NA,NA
"330","53033032601",1998,1,550,550,1,1,0,0,1,0,0,0,1,0,0,1,0.56,NA,0.54,0.54,0.02,NA,550,0,0,550,0,0,550,0,0,550,550,NA,NA,550,NA,NA,550,NA,NA,550
"331","53033032702",1998,1,500,500,1,1,0,0,1,0,0,1,0,0,0,0,-1.45,NA,-0.76,-0.76,-0.69,NA,500,0,0,500,0,500,0,0,0,0,500,NA,NA,500,NA,500,NA,NA,NA,NA
"332","53033032704",1998,1,100,100,1,1,0,0,0,0,0,1,0,0,0,1,-0.3,NA,-0.26,-0.26,-0.04,NA,100,0,0,0,0,100,0,0,0,100,100,NA,NA,NA,NA,100,NA,NA,NA,100
"333","53035090800",1998,2,1250,625,0.5,1,1,0.5,0,0,0,0.5,0,0,0.5,0.5,0.42,0.933380951166243,0.495,0.495,-0.0749999999999999,0.0494974746830582,750,500,0,0,0,500,0,0,750,500,750,500,NA,NA,NA,500,NA,NA,750,500
"334","53037975100",1998,1,125,125,1,1,0,0,0,0,0,0,1,0,0,0,0.43,NA,0.43,0.43,0,NA,125,0,0,0,0,0,125,0,0,0,125,NA,NA,NA,NA,NA,125,NA,NA,NA
"335","53037975200",1998,1,1000,1000,1,1,0,0,0,0,0,0,1,0,0,1,1.26,NA,0.69,0.69,0.57,NA,1000,0,0,0,0,0,1000,0,0,1000,1000,NA,NA,NA,NA,NA,1000,NA,NA,1000
"336","53047970700",1998,1,500,500,0,0,0,0,0,0,0,0,1,0,0,1,0.83,NA,0.65,0.65,0.18,NA,0,0,0,0,0,0,500,0,0,500,NA,NA,NA,NA,NA,NA,500,NA,NA,500
"337","53053070100",1998,1,1000,1000,1,1,0,0,0,0,0,0,1,0,0,1,0.81,NA,0.78,0.78,0.03,NA,1000,0,0,0,0,0,1000,0,0,1000,1000,NA,NA,NA,NA,NA,1000,NA,NA,1000
"338","53053071808",1998,1,500,500,1,1,0,0,0,0,0,0,1,0,0,1,0.71,NA,0.69,0.69,0.02,NA,500,0,0,0,0,0,500,0,0,500,500,NA,NA,NA,NA,NA,500,NA,NA,500
"339","53053072305",1998,1,1000,1000,0,0,1,1,0,0,0,1,0,0,0,1,-0.03,NA,-0.01,-0.01,-0.02,NA,0,1000,0,0,0,1000,0,0,0,1000,NA,1000,NA,NA,NA,1000,NA,NA,NA,1000
"340","53053072901",1998,2,450,225,0,0,2,1,0,0,0,0,1,0,0,1,0.25,0,0.635,0.635,-0.385,0.120208152801713,0,450,0,0,0,0,450,0,0,450,NA,225,NA,NA,NA,NA,225,NA,NA,225
"341","53053072903",1998,1,500,500,1,1,0,0,0,0,0,0,0,0,0,0,-0.88,NA,-0.73,-0.73,-0.15,NA,500,0,0,0,0,0,0,0,0,0,500,NA,NA,NA,NA,NA,NA,NA,NA,NA
"342","53053073006",1998,1,575,575,0,0,1,1,0,0,0,0,1,0,0,1,0.17,NA,0.82,0.82,-0.65,NA,0,575,0,0,0,0,575,0,0,575,NA,575,NA,NA,NA,NA,575,NA,NA,575
"343","53053940007",1998,3,2500,833.333333333333,1,3,0,0,3,0,0,0,0.666666666666667,0.333333333333333,0,0.333333333333333,0.92,0,0.64,0.64,0.28,0.351710107901379,2500,0,0,2500,0,0,2000,500,0,1000,833.333333333333,NA,NA,833.333333333333,NA,NA,1000,500,NA,1000
"344","53059950500",1998,1,500,500,1,1,0,0,0,0,0,1,0,0,0,0,-0.78,NA,-0.44,-0.44,-0.34,NA,500,0,0,0,0,500,0,0,0,0,500,NA,NA,NA,NA,500,NA,NA,NA,NA
"345","53061041201",1998,1,100,100,1,1,0,0,0,0,0,1,0,0,0,1,-1.32,NA,-1.22,-1.22,-0.1,NA,100,0,0,0,0,100,0,0,0,100,100,NA,NA,NA,NA,100,NA,NA,NA,100
"346","53067010700",1998,1,500,500,0,0,1,1,0,0,0,0,1,0,0,1,0.33,NA,0.65,0.65,-0.32,NA,0,500,0,0,0,0,500,0,0,500,NA,500,NA,NA,NA,NA,500,NA,NA,500
"347","53067010800",1998,64,20850,325.78125,0,0,64,1,2,0,0,0.390625,0.59375,0,0.015625,0.953125,0.25,0,0.03921875,0.03921875,0.21078125,0.631612460766282,0,20850,0,500,0,9800,10800,0,550,19800,NA,325.78125,NA,250,NA,392,284.210526315789,NA,550,324.590163934426
"348","53067010920",1998,1,250,250,0,0,1,1,0,0,0,0,1,0,0,1,0.25,NA,0.11,0.11,0.14,NA,0,250,0,0,0,0,250,0,0,250,NA,250,NA,NA,NA,NA,250,NA,NA,250
"349","53067011720",1998,1,250,250,0,0,1,1,0,0,0,0,1,0,0,1,0.25,NA,1.34,1.34,-1.09,NA,0,250,0,0,0,0,250,0,0,250,NA,250,NA,NA,NA,NA,250,NA,NA,250
"350","53075000700",1998,1,250,250,1,1,0,0,0,0,0,0,0,0,1,0,-0.67,NA,0,0,0,NA,250,0,0,0,0,0,0,0,250,0,250,NA,NA,NA,NA,NA,NA,NA,250,NA
"351","53077000100",1998,1,500,500,1,1,0,0,0,0,0,0,1,0,0,0,0.71,NA,0.69,0.69,0.02,NA,500,0,0,0,0,0,500,0,0,0,500,NA,NA,NA,NA,NA,500,NA,NA,NA
"352","54089000600",1998,1,500,500,1,1,0,0,0,0,0,0,1,0,0,0,0.14,NA,0.27,0.27,-0.13,NA,500,0,0,0,0,0,500,0,0,0,500,NA,NA,NA,NA,NA,500,NA,NA,NA
"353","55009010300",1998,6,12200,2033.33333333333,1,6,0,0,0,0,0,0,0.5,0,0.833333333333333,0.166666666666667,1.09,0,1.01833333333333,1.01833333333333,0.0716666666666667,0.144141134540653,12200,0,0,0,0,0,2000,0,11200,1000,2033.33333333333,NA,NA,NA,NA,NA,666.666666666667,NA,2240,1000
"354","56023978000",1998,1,500,500,1,1,0,0,0,0,0,1,0,0,0,1,-1.02,NA,-0.78,-0.78,-0.24,NA,500,0,0,0,0,500,0,0,0,500,500,NA,NA,NA,NA,500,NA,NA,NA,500
"355","56031959400",1998,3,300,100,1,3,0,0,0,0,0,0,1,0,0,0,0.95,0,1.15,1.15,-0.2,0,300,0,0,0,0,0,300,0,0,0,100,NA,NA,NA,NA,NA,100,NA,NA,NA
"356","56033000500",1998,1,200,200,1,1,0,0,0,0,0,1,0,0,0,1,-0.79,NA,-0.72,-0.72,-0.0700000000000001,NA,200,0,0,0,0,200,0,0,0,200,200,NA,NA,NA,NA,200,NA,NA,NA,200
