"","censustract","yr","count","aTot","aMean","pIndv","nIndv","nCorp","pCorp","nIndvTech","nIndvBigTech","nCorpBigTech","pDemRec","pRepRec","pIndRec","pComRec","pGen","meanContCF","rangeContCF","meanCandCF","rangeCandCF","meanCFDiff","rangeCFDiff","aIndv","aCorp","aIndvBigTech","aIndvTech","aCorpTech","aDemRec","aRepRec","aIndRec","aComRec","aGen","mIndv","mCorp","mIndvBigTech","mIndvTech","mCorpTech","mDemRec","mRepRec","mIndRec","mComRec","mGen"
"1","0",2018,6283368,744771084.89,118.530553182622,0.994626448745322,6249604,5688,0.00090524699492374,737985,123059,10188,0.681483561045604,0.0355715278812262,0.000485408462467888,0.649582516892218,0.0601440183035585,-1.22609401677572,0.698469628158808,-0.891653589285236,-0.891653589285236,-0.0384780296172369,0.219742785684036,662629913.01,22231412.19,11050257.38,62361051.75,865368.77,408387356.99,122655463.42,854323.31,415264773.36,162579408.73,106.027503984252,3908.47612341772,89.7964178158444,84.5017876379602,84.9400049077346,95.3727726568712,548.771921578102,280.106003278689,101.741530912401,430.21010124184
"2","01053970600",2018,2,20,10,1,2,0,0,0,0,0,0,0,0,0,0,0,0,0,0,0,0,20,0,0,0,0,0,0,0,0,0,10,NA,NA,NA,NA,NA,NA,NA,NA,NA
"3","01125012800",2018,2,60000,30000,0,0,2,1,0,0,0,0,0,0,1,0,-0.41,0,1.8,1.8,-2.21,0,0,60000,0,0,0,0,0,0,60000,0,NA,30000,NA,NA,NA,NA,NA,NA,30000,NA
"4","02020001702",2018,1,25,25,1,1,0,0,0,1,0,1,0,0,1,0,0,NA,-1.17,-1.17,0,NA,25,0,25,0,0,25,0,0,25,0,25,NA,25,NA,NA,25,NA,NA,25,NA
"5","02070000200",2018,3,300,100,1,3,0,0,3,0,0,0,0,0,1,0,1.46,0,1.52,1.52,-0.0600000000000001,0,300,0,0,300,0,0,0,0,300,0,100,NA,NA,100,NA,NA,NA,NA,100,NA
"6","02110000600",2018,2,25,12.5,1,2,0,0,0,0,0,0.5,0,0,0.5,0,-1.73,0,-1.38,-1.38,-0.35,0.29698484809835,25,0,0,0,0,12.5,0,0,12.5,0,12.5,NA,NA,NA,NA,12.5,NA,NA,12.5,NA
"7","02122001100",2018,1,1,1,1,1,0,0,0,0,0,1,0,0,1,0,-1.57,NA,-1.15,-1.15,-0.42,NA,1,0,0,0,0,1,0,0,1,0,1,NA,NA,NA,NA,1,NA,NA,1,NA
"8","04007000301",2018,7,41,5.85714285714286,1,7,0,0,0,0,0,0.857142857142857,0,0,0.571428571428571,0,-1.5,0,-0.892857142857143,-0.892857142857143,0.0357142857142857,0.0814160391358572,41,0,0,0,0,33,0,0,11,0,5.85714285714286,NA,NA,NA,NA,5.5,NA,NA,2.75,NA
"9","04013061019",2018,3,100,33.3333333333333,1,3,0,0,0,0,0,0,1,0,1,0,1.21,0,1.12,1.12,0.0899999999999999,0,100,0,0,0,0,0,100,0,100,0,33.3333333333333,NA,NA,NA,NA,NA,33.3333333333333,NA,33.3333333333333,NA
"10","04013061041",2018,4,360,90,1,4,0,0,0,0,0,0.5,0,0,0.5,0,-1.69,0,-0.795,-0.795,-0.0499999999999999,0.0577350269189625,360,0,0,0,0,60,0,0,60,0,90,NA,NA,NA,NA,30,NA,NA,30,NA
"11","04013103608",2018,4,95,23.75,1,4,0,0,0,0,0,0,0,0,0,0,-1.2,0,-1.1,-1.1,-0.0999999999999999,0,95,0,0,0,0,0,0,0,0,0,23.75,NA,NA,NA,NA,NA,NA,NA,NA,NA
"12","04013103702",2018,2,3.6,1.8,1,2,0,0,0,0,0,1,0,0,1,0,0,0,-0.615,-0.615,0,0,3.6,0,0,0,0,3.6,0,0,3.6,0,1.8,NA,NA,NA,NA,1.8,NA,NA,1.8,NA
"13","04013104000",2018,3,3,1,1,3,0,0,3,0,0,1,0,0,1,0,0,0,-1.23,-1.23,0,0,3,0,0,3,0,3,0,0,3,0,1,NA,NA,1,NA,1,NA,NA,1,NA
"14","04013108802",2018,1,50,50,1,1,0,0,0,0,0,0,0,0,0,0,-1.2,NA,-1.1,-1.1,-0.0999999999999999,NA,50,0,0,0,0,0,0,0,0,0,50,NA,NA,NA,NA,NA,NA,NA,NA,NA
"15","04013116100",2018,3,45,15,1,3,0,0,0,0,0,1,0,0,0,0,-1.45,0,-1,-1,-0.45,0,45,0,0,0,0,45,0,0,0,0,15,NA,NA,NA,NA,15,NA,NA,NA,NA
"16","04013116704",2018,1,25,25,1,1,0,0,0,0,0,1,0,0,1,0,-1.5,NA,-1.23,-1.23,-0.27,NA,25,0,0,0,0,25,0,0,25,0,25,NA,NA,NA,NA,25,NA,NA,25,NA
"17","04013216818",2018,6,80,13.3333333333333,1,6,0,0,0,0,0,0.5,0,0,0.5,0,-1.47,0,-0.661666666666667,-0.661666666666667,-0.0733333333333334,0.116218185610801,80,0,0,0,0,17.5,0,0,17.5,0,13.3333333333333,NA,NA,NA,NA,5.83333333333333,NA,NA,5.83333333333333,NA
"18","04013216822",2018,1,25,25,1,1,0,0,0,0,0,0,1,0,1,0,1.46,NA,1.47,1.47,-0.01,NA,25,0,0,0,0,0,25,0,25,0,25,NA,NA,NA,NA,NA,25,NA,25,NA
"19","04013216833",2018,2,15,7.5,1,2,0,0,0,0,0,1,0,0,1,0,0,0,-0.585,-0.585,0,0,15,0,0,0,0,15,0,0,15,0,7.5,NA,NA,NA,NA,7.5,NA,NA,7.5,NA
"20","04013216837",2018,1,150,150,1,1,0,0,0,0,0,0,0,0,0,0,0,NA,0,0,0,NA,150,0,0,0,0,0,0,0,0,0,150,NA,NA,NA,NA,NA,NA,NA,NA,NA
"21","04013217001",2018,3,450,150,1,3,0,0,0,0,0,1,0,0,0,0,-1.25,0,-1.31,-1.31,0.0600000000000001,0,450,0,0,0,0,450,0,0,0,0,150,NA,NA,NA,NA,150,NA,NA,NA,NA
"22","04013217700",2018,1,3,3,1,1,0,0,0,0,0,1,0,0,1,0,0,NA,-1.23,-1.23,0,NA,3,0,0,0,0,3,0,0,3,0,3,NA,NA,NA,NA,3,NA,NA,3,NA
"23","04013420208",2018,2,200,100,1,2,0,0,0,0,0,1,0,0,0,0,-1.25,0,-1.31,-1.31,0.0600000000000001,0,200,0,0,0,0,200,0,0,0,0,100,NA,NA,NA,NA,100,NA,NA,NA,NA
"24","04013420211",2018,5,41,8.2,1,5,0,0,0,0,0,0.8,0,0,0.6,0,-1.09,0,-0.616,-0.616,-0.0380000000000001,0.0831865373723417,41,0,0,0,0,26,0,0,11,0,8.2,NA,NA,NA,NA,6.5,NA,NA,3.66666666666667,NA
"25","04013611700",2018,1,500,500,1,1,0,0,0,0,0,0,0,0,0,0,-1.66,NA,-1.53,-1.53,-0.13,NA,500,0,0,0,0,0,0,0,0,0,500,NA,NA,NA,NA,NA,NA,NA,NA,NA
"26","04013614500",2018,2,2e+05,1e+05,1,2,0,0,2,0,0,0,0,0,1,0,-0.33,0,0.73,0.73,-1.06,0,2e+05,0,0,2e+05,0,0,0,0,2e+05,0,1e+05,NA,NA,1e+05,NA,NA,NA,NA,1e+05,NA
"27","04015952002",2018,8,25.4,3.175,1,8,0,0,0,0,0,0.625,0,0,0.5,0,-1.63,0,-0.65375,-0.65375,-0.16125,0.238832726879235,25.4,0,0,0,0,9.4,0,0,4.4,0,3.175,NA,NA,NA,NA,1.88,NA,NA,1.1,NA
"28","04015952900",2018,16,72,4.5,1,16,0,0,0,0,0,0.375,0,0,0.8125,0,-1.73,0,-0.850625,-0.850625,-0.230625,0.439870719643852,72,0,0,0,0,8,0,0,63,0,4.5,NA,NA,NA,NA,1.33333333333333,NA,NA,4.84615384615385,NA
"29","04019004328",2018,11,32,2.90909090909091,1,11,0,0,0,0,0,0.545454545454545,0,0,0.636363636363636,0,-1.65,0,-0.688181818181818,-0.688181818181818,-0.0618181818181818,0.0782071840457361,32,0,0,0,0,9.5,0,0,14.5,0,2.90909090909091,NA,NA,NA,NA,1.58333333333333,NA,NA,2.07142857142857,NA
"30","04019004635",2018,2,11,5.5,1,2,0,0,0,0,0,1,0,0,0.5,0,-1.87,0,-0.86,-0.86,-0.0750000000000001,0.106066017177982,11,0,0,0,0,11,0,0,1,0,5.5,NA,NA,NA,NA,5.5,NA,NA,1,NA
"31","04019004713",2018,2,30,15,1,2,0,0,0,0,0,1,0,0,1,0,-1.33,0,-1.15,-1.15,-0.18,0,30,0,0,0,0,30,0,0,30,0,15,NA,NA,NA,NA,15,NA,NA,15,NA
"32","04021001704",2018,18,35.2,1.95555555555556,1,18,0,0,0,0,0,1,0,0,1,0,-1.22,0,-0.551111111111111,-0.551111111111111,-0.0588888888888889,0.13860179478037,35.2,0,0,0,0,35.2,0,0,35.2,0,1.95555555555556,NA,NA,NA,NA,1.95555555555556,NA,NA,1.95555555555556,NA
"33","04025000402",2018,3,45,15,1,3,0,0,0,0,0,1,0,0,1,0,0,0,-1.23,-1.23,0,0,45,0,0,0,0,45,0,0,45,0,15,NA,NA,NA,NA,15,NA,NA,15,NA
"34","04027011115",2018,4,27,6.75,1,4,0,0,0,0,0,0.75,0,0,0.75,0,-1.21,0,-0.2875,-0.2875,-0.015,0.03,27,0,0,0,0,12,0,0,12,0,6.75,NA,NA,NA,NA,4,NA,NA,4,NA
"35","05007020401",2018,1,2000,2000,0,0,1,1,0,0,0,1,0,0,0,0,-0.27,NA,-1.05,-1.05,0.78,NA,0,2000,0,0,0,2000,0,0,0,0,NA,2000,NA,NA,NA,2000,NA,NA,NA,NA
"36","05007020604",2018,1,1000,1000,0,0,1,1,0,0,0,1,0,0,0,0,0.38,NA,-1.16,-1.16,1.54,NA,0,1000,0,0,0,1000,0,0,0,0,NA,1000,NA,NA,NA,1000,NA,NA,NA,NA
"37","05041950100",2018,1,1681.6,1681.6,1,1,0,0,0,0,0,1,0,0,1,0,-1.25,NA,-1.21,-1.21,-0.04,NA,1681.6,0,0,0,0,1681.6,0,0,1681.6,0,1681.6,NA,NA,NA,NA,1681.6,NA,NA,1681.6,NA
"38","05119003608",2018,2,10,5,1,2,0,0,0,0,0,0.5,0,0,0,0,-1.55,0,-0.755,-0.755,-0.02,0.0282842712474619,10,0,0,0,0,5,0,0,0,0,5,NA,NA,NA,NA,5,NA,NA,NA,NA
"39","08001009321",2018,2,11,5.5,1,2,0,0,0,0,0,1,0,0,1,0,-1.63,0,-0.585,-0.585,-0.23,0.325269119345812,11,0,0,0,0,11,0,0,11,0,5.5,NA,NA,NA,NA,5.5,NA,NA,5.5,NA
"40","08005005800",2018,2,30,15,1,2,0,0,0,0,0,1,0,0,1,0,-1.6,0,-1.23,-1.23,-0.37,0,30,0,0,0,0,30,0,0,30,0,15,NA,NA,NA,NA,15,NA,NA,15,NA
"41","08005006706",2018,6,42,7,1,6,0,0,0,0,0,1,0,0,0.833333333333333,0,-1.55,0,-0.813333333333333,-0.813333333333333,-0.22,0.187189743308762,42,0,0,0,0,42,0,0,32,0,7,NA,NA,NA,NA,7,NA,NA,6.4,NA
"42","08005007107",2018,11,275,25,1,11,0,0,0,0,0,0,0,0,1,0,0,0,0,0,0,0,275,0,0,0,0,0,0,0,275,0,25,NA,NA,NA,NA,NA,NA,NA,25,NA
"43","08005015100",2018,4,48,12,1,4,0,0,0,0,0,0.25,0,0,0.25,0,-1,0,-1.1175,-1.1175,0.3675,0.282886903196313,48,0,0,0,0,10,0,0,10,0,12,NA,NA,NA,NA,10,NA,NA,10,NA
"44","08005080300",2018,2,70,35,1,2,0,0,0,0,0,0,0,0,1,0,1.55,0,1.52,1.52,0.03,0,70,0,0,0,0,0,0,0,70,0,35,NA,NA,NA,NA,NA,NA,NA,35,NA
"45","08005084900",2018,2,900,450,1,2,0,0,0,0,0,0,0,0.5,0.5,0,1.58,0,0.76,0.76,0.03,0.0424264068711929,900,0,0,0,0,0,0,400,500,0,450,NA,NA,NA,NA,NA,NA,400,500,NA
"46","08005086600",2018,9,147,16.3333333333333,1,9,0,0,0,0,0,0.444444444444444,0,0,0.555555555555556,0,-1.69,0,-1.21333333333333,-1.21333333333333,-0.476666666666667,0.373162163140906,147,0,0,0,0,60,0,0,85,0,16.3333333333333,NA,NA,NA,NA,15,NA,NA,17,NA
"47","08013012204",2018,3,28.5,9.5,1,3,0,0,0,0,0,0.666666666666667,0,0,0.666666666666667,0,-1.08,0,-0.9,-0.9,0.18,0.253574446662119,28.5,0,0,0,0,11,0,0,11,0,9.5,NA,NA,NA,NA,5.5,NA,NA,5.5,NA
"48","08013012501",2018,2,10,5,1,2,0,0,0,0,0,1,0,0,0.5,0,-1.64,0,-1.53,-1.53,-0.11,0.0282842712474619,10,0,0,0,0,10,0,0,5,0,5,NA,NA,NA,NA,5,NA,NA,5,NA
"49","08013012507",2018,1,50,50,1,1,0,0,0,0,0,1,0,0,0,0,-1.82,NA,-1.5,-1.5,-0.32,NA,50,0,0,0,0,50,0,0,0,0,50,NA,NA,NA,NA,50,NA,NA,NA,NA
"50","08013012509",2018,1,25,25,1,1,0,0,0,0,0,1,0,0,1,0,-1.48,NA,0,0,0,NA,25,0,0,0,0,25,0,0,25,0,25,NA,NA,NA,NA,25,NA,NA,25,NA
"51","08013012511",2018,1,100,100,1,1,0,0,0,0,0,1,0,0,1,0,-1.37,NA,-1.29,-1.29,-0.0800000000000001,NA,100,0,0,0,0,100,0,0,100,0,100,NA,NA,NA,NA,100,NA,NA,100,NA
"52","08013012705",2018,87,493.5,5.67241379310345,1,87,0,0,0,0,0,0.67816091954023,0,0,0.597701149425287,0,-1.36,0,-1.12126436781609,-1.12126436781609,-0.0667816091954024,0.387464909897698,493.5,0,0,0,0,278.5,0,0,367.5,0,5.67241379310345,NA,NA,NA,NA,4.72033898305085,NA,NA,7.06730769230769,NA
"53","08013012708",2018,2,75,37.5,1,2,0,0,0,0,0,1,0,0,0,0,-1.23,0,-1.205,-1.205,-0.025,0.106066017177982,75,0,0,0,0,75,0,0,0,0,37.5,NA,NA,NA,NA,37.5,NA,NA,NA,NA
"54","08013012800",2018,2,20,10,1,2,0,0,2,0,0,0,0,0,1,0,0,0,0,0,0,0,20,0,0,20,0,0,0,0,20,0,10,NA,NA,10,NA,NA,NA,NA,10,NA
"55","08013012907",2018,10,66,6.6,1,10,0,0,0,0,0,0.9,0,0,0.7,0,-1.49,0,-1.373,-1.373,0.032,0.0595911999468975,66,0,0,0,0,61,0,0,31,0,6.6,NA,NA,NA,NA,6.77777777777778,NA,NA,4.42857142857143,NA
"56","08013013006",2018,2,100,50,1,2,0,0,0,0,0,0,0,0,0,0,-0.65,0,-0.58,-0.58,-0.0700000000000001,0,100,0,0,0,0,0,0,0,0,0,50,NA,NA,NA,NA,NA,NA,NA,NA,NA
"57","08013013211",2018,10,289.5,28.95,1,10,0,0,0,0,0,0.8,0,0,0.3,0,-1.5,0,-1.188,-1.188,-0.162,0.203513581310383,289.5,0,0,0,0,224.5,0,0,154.5,0,28.95,NA,NA,NA,NA,28.0625,NA,NA,51.5,NA
"58","08013013302",2018,22,104.5,4.75,1,22,0,0,0,0,0,0.454545454545455,0,0,0.454545454545455,0,-1.51,0,-0.853636363636364,-0.853636363636364,0.03,0.0358568582800318,104.5,0,0,0,0,9.5,0,0,9.5,0,4.75,NA,NA,NA,NA,0.95,NA,NA,0.95,NA
"59","08013013503",2018,3,40,13.3333333333333,1,3,0,0,0,0,0,1,0,0,1,0,0,0,-1.03333333333333,-1.03333333333333,0,0,40,0,0,0,0,40,0,0,40,0,13.3333333333333,NA,NA,NA,NA,13.3333333333333,NA,NA,13.3333333333333,NA
"60","08015000300",2018,1,225,225,1,1,0,0,0,0,0,0,0,0,1,0,-0.38,NA,-0.34,-0.34,-0.04,NA,225,0,0,0,0,0,0,0,225,0,225,NA,NA,NA,NA,NA,NA,NA,225,NA
"61","08031001402",2018,1,49,49,1,1,0,0,1,0,0,0,0,0,1,0,0,NA,0,0,0,NA,49,0,0,49,0,0,0,0,49,0,49,NA,NA,49,NA,NA,NA,NA,49,NA
"62","08031001600",2018,2,16.5,8.25,1,2,0,0,0,0,0,1,0,0,0.5,0,-1.54,0,-0.625,-0.625,-0.145,0.205060966544099,16.5,0,0,0,0,16.5,0,0,1.5,0,8.25,NA,NA,NA,NA,8.25,NA,NA,1.5,NA
"63","08031001701",2018,1,2700,2700,1,1,0,0,0,0,0,0,1,0,0,0,1.18,NA,1.12,1.12,0.0599999999999998,NA,2700,0,0,0,0,0,2700,0,0,0,2700,NA,NA,NA,NA,NA,2700,NA,NA,NA
"64","08031002701",2018,3,45,15,1,3,0,0,0,0,0,0.666666666666667,0,0,1,0,-1.32,0,-1.30666666666667,-1.30666666666667,-0.0133333333333334,0.150443787951957,45,0,0,0,0,30,0,0,45,0,15,NA,NA,NA,NA,15,NA,NA,15,NA
"65","08031002803",2018,7,377.15,53.8785714285714,1,7,0,0,7,0,0,0,0,0,1,0,0,0,0,0,0,0,377.15,0,0,377.15,0,0,0,0,377.15,0,53.8785714285714,NA,NA,53.8785714285714,NA,NA,NA,NA,53.8785714285714,NA
"66","08031003203",2018,2,50,25,1,2,0,0,0,0,0,0.5,0,0,0,0,-1.55,0,-1.43,-1.43,-0.12,0.141421356237309,50,0,0,0,0,25,0,0,0,0,25,NA,NA,NA,NA,25,NA,NA,NA,NA
"67","08031004302",2018,1,25,25,1,1,0,0,0,0,0,1,0,0,1,0,-1.27,NA,-1.17,-1.17,-0.1,NA,25,0,0,0,0,25,0,0,25,0,25,NA,NA,NA,NA,25,NA,NA,25,NA
"68","08031005102",2018,2,50,25,1,2,0,0,0,0,0,0.5,0,0,1,0,-1.45,0,-0.76,-0.76,0.035,0.0494974746830584,50,0,0,0,0,25,0,0,50,0,25,NA,NA,NA,NA,25,NA,NA,25,NA
"69","08035014007",2018,3,4250,1416.66666666667,0,0,3,1,0,0,0,0.333333333333333,0.666666666666667,0,0,0,-0.06,0,0.593333333333333,0.593333333333333,-0.653333333333333,0.898016332442419,0,4250,0,0,0,3000,1250,0,0,0,NA,1416.66666666667,NA,NA,NA,3000,625,NA,NA,NA
"70","08035014109",2018,10,1059.26,105.926,1,10,0,0,0,0,0,0,0,0,1,0,-0.78,0,-0.71,-0.71,-0.0700000000000001,0,1059.26,0,0,0,0,0,0,0,1059.26,0,105.926,NA,NA,NA,NA,NA,NA,NA,105.926,NA
"71","08035014114",2018,13,270.79,20.83,1,13,0,0,0,0,0,0,0,0,1,0,0,0,0,0,0,0,270.79,0,0,0,0,0,0,0,270.79,0,20.83,NA,NA,NA,NA,NA,NA,NA,20.83,NA
"72","08035014133",2018,1,25,25,1,1,0,0,0,0,0,1,0,0,1,0,0,NA,-1.48,-1.48,0,NA,25,0,0,0,0,25,0,0,25,0,25,NA,NA,NA,NA,25,NA,NA,25,NA
"73","08037000402",2018,6,230.76,38.46,1,6,0,0,0,0,0,0,0,0,1,0,-0.64,0,0,0,0,0,230.76,0,0,0,0,0,0,0,230.76,0,38.46,NA,NA,NA,NA,NA,NA,NA,38.46,NA
"74","08041006902",2018,29,149.1,5.14137931034483,1,29,0,0,0,0,0,0.862068965517241,0,0,0.931034482758621,0,-1.39,0,-0.688275862068966,-0.688275862068966,-0.0306896551724138,0.132015449163096,149.1,0,0,0,0,124.32,0,0,138.1,0,5.14137931034483,NA,NA,NA,NA,4.9728,NA,NA,5.11481481481481,NA
"75","08041007400",2018,41,232.5,5.67073170731707,1,41,0,0,0,0,0,0.51219512195122,0,0,0.390243902439024,0,-1.6,0,-1.42878048780488,-1.42878048780488,-0.13219512195122,0.177024181895044,232.5,0,0,0,0,123.5,0,0,81,0,5.67073170731707,NA,NA,NA,NA,5.88095238095238,NA,NA,5.0625,NA
"76","08041007900",2018,1,30,30,1,1,0,0,0,0,0,0,0,0,1,0,0,NA,0,0,0,NA,30,0,0,0,0,0,0,0,30,0,30,NA,NA,NA,NA,NA,NA,NA,30,NA
"77","08045951702",2018,4,6.6,1.65,1,4,0,0,0,0,0,1,0,0,0.5,0,-1.41,0,-0.6625,-0.6625,-0.0425,0.158823801742686,6.6,0,0,0,0,6.6,0,0,0.6,0,1.65,NA,NA,NA,NA,1.65,NA,NA,0.3,NA
"78","08051963900",2018,21,556.25,26.4880952380952,1,21,0,0,0,0,0,0.904761904761905,0,0,1,0,-1.45,0,-0.634761904761905,-0.634761904761905,-0.124761904761905,0.155936495010599,556.25,0,0,0,0,506.25,0,0,556.25,0,26.4880952380952,NA,NA,NA,NA,26.6447368421053,NA,NA,26.4880952380952,NA
"79","08059009823",2018,1,10,10,1,1,0,0,0,0,0,1,0,0,1,0,-1.16,NA,-1.15,-1.15,-0.01,NA,10,0,0,0,0,10,0,0,10,0,10,NA,NA,NA,NA,10,NA,NA,10,NA
"80","08059010901",2018,29,149.2,5.1448275862069,1,29,0,0,0,0,0,0.827586206896552,0,0,0.551724137931034,0,-1.33,0,-0.813448275862069,-0.813448275862069,0.0337931034482758,0.119535224727856,149.2,0,0,0,0,109.2,0,0,54.2,0,5.1448275862069,NA,NA,NA,NA,4.55,NA,NA,3.3875,NA
"81","08059011733",2018,3,75,25,1,3,0,0,0,0,0,1,0,0,1,1,-1.32,0,-1.17,-1.17,-0.15,0,75,0,0,0,0,75,0,0,75,75,25,NA,NA,NA,NA,25,NA,NA,25,25
"82","08067970703",2018,1,12,12,1,1,0,0,0,0,0,0,1,0,0,0,1.53,NA,0,0,0,NA,12,0,0,0,0,0,12,0,0,0,12,NA,NA,NA,NA,NA,12,NA,NA,NA
"83","08091967600",2018,9,224,24.8888888888889,1,9,0,0,0,0,0,0.777777777777778,0,0,0.111111111111111,0,-1.45,0,-1.28444444444444,-1.28444444444444,-0.00444444444444445,0.16636639617957,224,0,0,0,0,189,0,0,10,0,24.8888888888889,NA,NA,NA,NA,27,NA,NA,10,NA
"84","08097000401",2018,2,525,262.5,1,2,0,0,0,0,0,0.5,0,0,1,0,-0.625,0.883883476483184,-0.76,-0.76,0,0,525,0,0,0,0,500,0,0,525,0,262.5,NA,NA,NA,NA,500,NA,NA,262.5,NA
"85","08101002300",2018,3,5,1.66666666666667,1,3,0,0,0,0,0,0.666666666666667,0,0,1,0,0,0,-1.32666666666667,-1.32666666666667,0,0,5,0,0,0,0,2,0,0,5,0,1.66666666666667,NA,NA,NA,NA,1,NA,NA,1.66666666666667,NA
"86","08101002804",2018,4,8,2,1,4,0,0,0,0,0,0.25,0,0,0.5,0,-1.68,0,-0.7375,-0.7375,-0.1025,0.11842719282327,8,0,0,0,0,5,0,0,6,0,2,NA,NA,NA,NA,5,NA,NA,3,NA
"87","09001020500",2018,1,100,100,1,1,0,0,0,0,0,0,0,0,1,0,0.42,NA,-0.51,-0.51,0.93,NA,100,0,0,0,0,0,0,0,100,0,100,NA,NA,NA,NA,NA,NA,NA,100,NA
"88","09001021200",2018,2,600,300,1,2,0,0,0,0,0,1,0,0,0,0,-1.45,0,-1.33,-1.33,-0.12,0,600,0,0,0,0,600,0,0,0,0,300,NA,NA,NA,NA,300,NA,NA,NA,NA
"89","09001022400",2018,1,1000,1000,1,1,0,0,0,0,0,0,1,0,1,0,1.11,NA,0.85,0.85,0.26,NA,1000,0,0,0,0,0,1000,0,1000,0,1000,NA,NA,NA,NA,NA,1000,NA,1000,NA
"90","09001035300",2018,1,5400,5400,1,1,0,0,1,0,0,1,0,0,0,0,-1.22,NA,-1.33,-1.33,0.11,NA,5400,0,0,5400,0,5400,0,0,0,0,5400,NA,NA,5400,NA,5400,NA,NA,NA,NA
"91","09001050100",2018,8,1370,171.25,1,8,0,0,0,0,0,1,0,0,0.5,0,-1.12875,0.456083873865323,-0.62125,-0.62125,-0.02375,0.11734412152785,1370,0,0,0,0,1370,0,0,570,0,171.25,NA,NA,NA,NA,171.25,NA,NA,142.5,NA
"92","09001055200",2018,1,100,100,1,1,0,0,0,0,0,0,0,0,0,0,-1.19,NA,-0.68,-0.68,-0.51,NA,100,0,0,0,0,0,0,0,0,0,100,NA,NA,NA,NA,NA,NA,NA,NA,NA
"93","09001060300",2018,13,700,53.8461538461538,1,13,0,0,0,0,0,1,0,0,0.692307692307692,0,-1.27,0,-0.976923076923077,-0.976923076923077,0,0.0447213595499958,700,0,0,0,0,700,0,0,150,0,53.8461538461538,NA,NA,NA,NA,53.8461538461538,NA,NA,16.6666666666667,NA
"94","09001110600",2018,1,10,10,1,1,0,0,1,0,0,1,0,0,1,0,-1.21,NA,-1.11,-1.11,-0.0999999999999999,NA,10,0,0,10,0,10,0,0,10,0,10,NA,NA,10,NA,10,NA,NA,10,NA
"95","09001245600",2018,1,5,5,1,1,0,0,0,0,0,1,0,0,1,0,-1.46,NA,-1.15,-1.15,-0.31,NA,5,0,0,0,0,5,0,0,5,0,5,NA,NA,NA,NA,5,NA,NA,5,NA
"96","09003430602",2018,1,500,500,1,1,0,0,0,0,0,0,0,0,0,0,-1.49,NA,-1.38,-1.38,-0.11,NA,500,0,0,0,0,0,0,0,0,0,500,NA,NA,NA,NA,NA,NA,NA,NA,NA
"97","09003460302",2018,2,25,12.5,1,2,0,0,0,0,0,1,0,0,1,0,-1.63,0,-1.365,-1.365,-0.265,0.190918830920368,25,0,0,0,0,25,0,0,25,0,12.5,NA,NA,NA,NA,12.5,NA,NA,12.5,NA
"98","09003471200",2018,1,5,5,1,1,0,0,0,0,0,1,0,0,0,0,-1.87,NA,-1.72,-1.72,-0.15,NA,5,0,0,0,0,5,0,0,0,0,5,NA,NA,NA,NA,5,NA,NA,NA,NA
"99","09003496600",2018,1,100,100,1,1,0,0,0,0,0,0,0,0,0,0,-0.83,NA,-0.68,-0.68,-0.15,NA,100,0,0,0,0,0,0,0,0,0,100,NA,NA,NA,NA,NA,NA,NA,NA,NA
"100","09003502100",2018,3,104,34.6666666666667,1,3,0,0,0,0,0,0,0,0,0,0,-2.18,0,-1.3,-1.3,-0.153333333333333,0.132790561913614,104,0,0,0,0,0,0,0,0,0,34.6666666666667,NA,NA,NA,NA,NA,NA,NA,NA,NA
"101","09003514900",2018,6,300,50,1,6,0,0,0,0,0,0,0,0,1,0,-1.76,0,-1.63,-1.63,-0.13,0,300,0,0,0,0,0,0,0,300,0,50,NA,NA,NA,NA,NA,NA,NA,50,NA
"102","09005267100",2018,21,1159,55.1904761904762,1,21,0,0,0,0,0,0.904761904761905,0,0,0.0476190476190476,0,-1.29,0,-1.30047619047619,-1.30047619047619,0.0104761904761905,0.0727651146138169,1159,0,0,0,0,1080,0,0,5,0,55.1904761904762,NA,NA,NA,NA,56.8421052631579,NA,NA,5,NA
"103","09005310602",2018,1,100,100,1,1,0,0,0,0,0,0,1,0,1,0,-1.37,NA,0.86,0.86,-2.23,NA,100,0,0,0,0,0,100,0,100,0,100,NA,NA,NA,NA,NA,100,NA,100,NA
"104","09005320100",2018,1,10,10,1,1,0,0,0,0,0,1,0,0,0,0,-1.87,NA,-1.72,-1.72,-0.15,NA,10,0,0,0,0,10,0,0,0,0,10,NA,NA,NA,NA,10,NA,NA,NA,NA
"105","09005360100",2018,2,125,62.5,1,2,0,0,0,0,0,0,1,0,1,0,0.6,0,0.59,0.59,0.01,0,125,0,0,0,0,0,125,0,125,0,62.5,NA,NA,NA,NA,NA,62.5,NA,62.5,NA
"106","09009142000",2018,10,310,31,1,10,0,0,0,0,0,0.6,0,0,0.1,0,-1.63,0,-1.485,-1.485,-0.145,0.231096420473264,310,0,0,0,0,180,0,0,25,0,31,NA,NA,NA,NA,30,NA,NA,25,NA
"107","09009142100",2018,2,105,52.5,1,2,0,0,0,0,0,0.5,0,0,0.5,0,-1.76,0,-0.815,-0.815,-0.0650000000000001,0.0919238815542513,105,0,0,0,0,5,0,0,5,0,52.5,NA,NA,NA,NA,5,NA,NA,5,NA
"108","09009150500",2018,2,6,3,1,2,0,0,0,0,0,1,0,0,1,0,0,0,-1.23,-1.23,0,0,6,0,0,0,0,6,0,0,6,0,3,NA,NA,NA,NA,3,NA,NA,3,NA
"109","09009165200",2018,2,20,10,1,2,0,0,0,0,0,0,0,0,0,0,-1.55,0,-1.59,-1.59,0.04,0,20,0,0,0,0,0,0,0,0,0,10,NA,NA,NA,NA,NA,NA,NA,NA,NA
"110","09009165300",2018,1,500,500,1,1,0,0,0,0,0,0,0,0,1,0,-1.39,NA,-1.49,-1.49,0.1,NA,500,0,0,0,0,0,0,0,500,0,500,NA,NA,NA,NA,NA,NA,NA,500,NA
"111","09009166001",2018,2,27.5,13.75,1,2,0,0,0,0,0,1,0,0,0.5,0,-1.45,0,-0.665,-0.665,-0.0599999999999999,0.0848528137423856,27.5,0,0,0,0,27.5,0,0,2.5,0,13.75,NA,NA,NA,NA,13.75,NA,NA,2.5,NA
"112","09015820000",2018,2,125,62.5,1,2,0,0,0,0,0,0,0,0,1,0,-1.25,0,-1.63,-1.63,0.38,0,125,0,0,0,0,0,0,0,125,0,62.5,NA,NA,NA,NA,NA,NA,NA,62.5,NA
"113","11001000801",2018,47,812.5,17.2872340425532,1,47,0,0,0,0,0,0.808510638297872,0,0,0.680851063829787,0,-1.56,0,-0.662127659574468,-0.662127659574468,-0.0680851063829787,0.124911069197812,812.5,0,0,0,0,562.5,0,0,412.5,0,17.2872340425532,NA,NA,NA,NA,14.8026315789474,NA,NA,12.890625,NA
"114","11001001301",2018,3,30,10,1,3,0,0,0,0,0,1,0,0,0,0,-1.33,0,-1.23,-1.23,-0.1,0,30,0,0,0,0,30,0,0,0,0,10,NA,NA,NA,NA,10,NA,NA,NA,NA
"115","11001003000",2018,2,55,27.5,1,2,0,0,0,0,0,0.5,0,0,0.5,0,-1.64,0,0,0,0,0,55,0,0,0,0,5,0,0,5,0,27.5,NA,NA,NA,NA,5,NA,NA,5,NA
"116","11001004002",2018,13,104,8,1,13,0,0,0,0,0,0,0,0,1,0,-0.5,0,-0.42,-0.42,-0.08,0,104,0,0,0,0,0,0,0,104,0,8,NA,NA,NA,NA,NA,NA,NA,8,NA
"117","11001005800",2018,1,2000,2000,0,0,1,1,0,0,0,1,0,0,0,0,0,NA,-1.16,-1.16,1.16,NA,0,2000,0,0,0,2000,0,0,0,0,NA,2000,NA,NA,NA,2000,NA,NA,NA,NA
"118","11001005900",2018,5,1280,256,0.8,4,1,0.2,0,0,0,1,0,0,0.4,0,-1.082,0.657015981540784,-0.822,-0.822,0.046,0.145189531303052,280,1000,0,0,0,1280,0,0,255,0,70,1000,NA,NA,NA,256,NA,NA,127.5,NA
"119","11001006202",2018,3,27,9,1,3,0,0,1,0,0,0.333333333333333,0,0,0.333333333333333,0,-1.56333333333333,0.144337567297406,-1.07333333333333,-1.07333333333333,0.00333333333333334,0.145028732785381,27,0,0,5,0,2,0,0,2,0,9,NA,NA,5,NA,2,NA,NA,2,NA
"120","11001006700",2018,1,1000,1000,1,1,0,0,0,0,0,1,0,0,0,0,-0.8,NA,-0.33,-0.33,-0.47,NA,1000,0,0,0,0,1000,0,0,0,0,1000,NA,NA,NA,NA,1000,NA,NA,NA,NA
"121","11001007301",2018,1,5,5,1,1,0,0,0,0,0,0,0,0,0,0,-1.77,NA,0,0,0,NA,5,0,0,0,0,0,0,0,0,0,5,NA,NA,NA,NA,NA,NA,NA,NA,NA
"122","11001007503",2018,59,320.3,5.42881355932203,1,59,0,0,0,0,0,0.694915254237288,0,0,0.830508474576271,0,-1.57,0,-0.930338983050847,-0.930338983050847,-0.107457627118644,0.159618005426522,320.3,0,0,0,0,221.3,0,0,204.3,0,5.42881355932203,NA,NA,NA,NA,5.39756097560976,NA,NA,4.16938775510204,NA
"123","11001007605",2018,5,32,6.4,1,5,0,0,0,0,0,0.6,0,0,0.4,0,-1.43,0,-0.924,-0.924,0.0660000000000001,0.0859069263796582,32,0,0,0,0,12,0,0,2,0,6.4,NA,NA,NA,NA,4,NA,NA,1,NA
"124","11001008002",2018,2,1500,750,1,2,0,0,0,0,0,1,0,0,0,0,-0.87,0,-0.51,-0.51,-0.36,0,1500,0,0,0,0,1500,0,0,0,0,750,NA,NA,NA,NA,750,NA,NA,NA,NA
"125","11001008804",2018,1,250,250,1,1,0,0,0,0,0,0,0,0,0,0,-1.23,NA,-1.38,-1.38,0.15,NA,250,0,0,0,0,0,0,0,0,0,250,NA,NA,NA,NA,NA,NA,NA,NA,NA
"126","11001009504",2018,2,55,27.5,1,2,0,0,0,0,0,0.5,0,0,0.5,0,-1.58,0,-0.73,-0.73,-0.0600000000000001,0.0848528137423858,55,0,0,0,0,5,0,0,5,0,27.5,NA,NA,NA,NA,5,NA,NA,5,NA
"127","11001009602",2018,1,89,89,0,0,1,1,0,0,0,1,0,0,1,0,-0.5,NA,-1.14,-1.14,0.64,NA,0,89,0,0,0,89,0,0,89,0,NA,89,NA,NA,NA,89,NA,NA,89,NA
"128","11001010100",2018,2,30,15,1,2,0,0,0,0,0,1,0,0,0.5,0,-1.62,0,-0.685,-0.685,-0.125,0.176776695296637,30,0,0,0,0,30,0,0,5,0,15,NA,NA,NA,NA,15,NA,NA,5,NA
"129","11001010700",2018,2,2000,1000,0,0,0,0,0,0,0,1,0,0,0,0,0.445,0.190918830920368,-0.51,-0.51,0.955,0.190918830920368,0,0,0,0,0,2000,0,0,0,0,NA,NA,NA,NA,NA,1000,NA,NA,NA,NA
"130","12001001801",2018,6,30,5,1,6,0,0,0,0,0,1,0,0,1,0,-1.48,0,-1.23,-1.23,-0.25,0,30,0,0,0,0,30,0,0,30,0,5,NA,NA,NA,NA,5,NA,NA,5,NA
"131","12001001803",2018,12,117.5,9.79166666666667,1,12,0,0,0,0,0,0.916666666666667,0,0,1,0,-1.73,0,-0.636666666666667,-0.636666666666667,-0.228333333333333,0.248991906890505,117.5,0,0,0,0,92.5,0,0,117.5,0,9.79166666666667,NA,NA,NA,NA,8.40909090909091,NA,NA,9.79166666666667,NA
"132","12009064128",2018,4,47.5,11.875,1,4,0,0,0,0,0,0.5,0,0,1,0,0,0,-0.745,-0.745,0,0,47.5,0,0,0,0,7.5,0,0,47.5,0,11.875,NA,NA,NA,NA,3.75,NA,NA,11.875,NA
"133","12011010104",2018,1,15,15,1,1,0,0,0,0,0,0,0,0,1,0,-1.68,NA,-1.52,-1.52,-0.16,NA,15,0,0,0,0,0,0,0,15,0,15,NA,NA,NA,NA,NA,NA,NA,15,NA
"134","12011070318",2018,4,42,10.5,1,4,0,0,0,0,0,1,0,0,1,0,0,0,-0.585,-0.585,0,0,42,0,0,0,0,42,0,0,42,0,10.5,NA,NA,NA,NA,10.5,NA,NA,10.5,NA
"135","12011090504",2018,68,1792,26.3529411764706,1,68,0,0,0,0,0,1,0,0,1,0.205882352941176,-1.27,0,-0.774264705882353,-0.774264705882353,-0.0661764705882354,0.0476626645012355,1792,0,0,0,0,1792,0,0,1792,140,26.3529411764706,NA,NA,NA,NA,26.3529411764706,NA,NA,26.3529411764706,10
"136","12011091400",2018,1,500,500,1,1,0,0,1,0,0,0,1,0,0,0,0.43,NA,0.93,0.93,-0.5,NA,500,0,0,500,0,0,500,0,0,0,500,NA,NA,500,NA,NA,500,NA,NA,NA
"137","12011092000",2018,1,110,110,1,1,0,0,0,1,0,0,0,0,1,0,-1.43,NA,-0.78,-0.78,-0.65,NA,110,0,110,0,0,0,0,0,110,0,110,NA,110,NA,NA,NA,NA,NA,110,NA
"138","12021010601",2018,1,25000,25000,0,0,1,1,0,0,0,0,0,0,1,0,1.66,NA,1.8,1.8,-0.14,NA,0,25000,0,0,0,0,0,0,25000,0,NA,25000,NA,NA,NA,NA,NA,NA,25000,NA
"139","12021011205",2018,2,30,15,1,2,0,0,0,0,0,1,0,0,0.5,0,-1.7,0,-0.86,-0.86,0.01,0.014142135623731,30,0,0,0,0,30,0,0,3,0,15,NA,NA,NA,NA,15,NA,NA,3,NA
"140","12023110700",2018,2,55,27.5,1,2,0,0,0,0,0,0.5,0,0,0.5,0,-1.34,0,0,0,0,0,55,0,0,0,0,5,0,0,5,0,27.5,NA,NA,NA,NA,5,NA,NA,5,NA
"141","12031014604",2018,1,2500,2500,0,0,1,1,0,0,0,0,1,0,0,0,0.89,NA,0.85,0.85,0.04,NA,0,2500,0,0,0,0,2500,0,0,0,NA,2500,NA,NA,NA,NA,2500,NA,NA,NA
"142","12031017400",2018,2,5.5,2.75,1,2,0,0,0,0,0,1,0,0,1,0,-1.25,0,-0.575,-0.575,-0.05,0.0707106781186548,5.5,0,0,0,0,5.5,0,0,5.5,0,2.75,NA,NA,NA,NA,2.75,NA,NA,2.75,NA
"143","12041950100",2018,2,5400,2700,1,2,0,0,0,0,0,0,1,0,1,0.5,1.2,0,1.48,1.48,-0.28,0,5400,0,0,0,0,0,5400,0,5400,2700,2700,NA,NA,NA,NA,NA,2700,NA,2700,2700
"144","12053041201",2018,2,20,10,1,2,0,0,2,0,0,0.5,0,0,0,0,-1.08,0,-1.905,-1.905,0.825,0.445477272147525,20,0,0,20,0,10,0,0,0,0,10,NA,NA,10,NA,10,NA,NA,NA,NA
"145","12069031310",2018,7,105,15,1,7,0,0,0,0,0,1,0,0,1,0,0,0,-1.23,-1.23,0,0,105,0,0,0,0,105,0,0,105,0,15,NA,NA,NA,NA,15,NA,NA,15,NA
"146","12071020600",2018,1,500,500,1,1,0,0,0,0,0,1,0,0,0,0,-1.34,NA,-2.22,-2.22,0.88,NA,500,0,0,0,0,500,0,0,0,0,500,NA,NA,NA,NA,500,NA,NA,NA,NA
"147","12075970700",2018,2,5,2.5,1,2,0,0,0,0,0,1,0,0,0,0,-1.5,0,-1.38,-1.38,-0.12,0.183847763108502,5,0,0,0,0,5,0,0,0,0,2.5,NA,NA,NA,NA,2.5,NA,NA,NA,NA
"148","12081000902",2018,7,11,1.57142857142857,1,7,0,0,0,0,0,1,0,0,1,0,-0.228571428571429,0.604743156814764,-1.23,-1.23,-0.0528571428571429,0.139846855013414,11,0,0,0,0,11,0,0,11,0,1.57142857142857,NA,NA,NA,NA,1.57142857142857,NA,NA,1.57142857142857,NA
"149","12095017105",2018,1,5,5,1,1,0,0,0,0,0,0,0,0,1,0,1.56,NA,1.52,1.52,0.04,NA,5,0,0,0,0,0,0,0,5,0,5,NA,NA,NA,NA,NA,NA,NA,5,NA
"150","12099000410",2018,1,2500,2500,0,0,1,1,0,0,0,0,1,0,0,0,0.46,NA,0.85,0.85,-0.39,NA,0,2500,0,0,0,0,2500,0,0,0,NA,2500,NA,NA,NA,NA,2500,NA,NA,NA
"151","12099001914",2018,1,5,5,1,1,0,0,0,0,0,0,0,0,1,0,-1.53,NA,-1.72,-1.72,0.19,NA,5,0,0,0,0,0,0,0,5,0,5,NA,NA,NA,NA,NA,NA,NA,5,NA
"152","12099003504",2018,1,500,500,1,1,0,0,0,0,0,0,1,0,0,0,0.1,NA,0.85,0.85,-0.75,NA,500,0,0,0,0,0,500,0,0,0,500,NA,NA,NA,NA,NA,500,NA,NA,NA
"153","12099003507",2018,1,1000,1000,1,1,0,0,0,0,0,1,0,0,0,0,-0.74,NA,-0.51,-0.51,-0.23,NA,1000,0,0,0,0,1000,0,0,0,0,1000,NA,NA,NA,NA,1000,NA,NA,NA,NA
"154","12103027704",2018,1,10,10,1,1,0,0,0,0,0,0,0,0,0,0,-1.58,NA,-1.59,-1.59,0.01,NA,10,0,0,0,0,0,0,0,0,0,10,NA,NA,NA,NA,NA,NA,NA,NA,NA
"155","12111382112",2018,1,5,5,1,1,0,0,0,0,0,0,0,0,1,0,-1.52,NA,-1.4,-1.4,-0.12,NA,5,0,0,0,0,0,0,0,5,0,5,NA,NA,NA,NA,NA,NA,NA,5,NA
"156","12113010600",2018,3,75,25,1,3,0,0,0,0,0,0,0,0,1,0,0,0,0,0,0,0,75,0,0,0,0,0,0,0,75,0,25,NA,NA,NA,NA,NA,NA,NA,25,NA
"157","13059130600",2018,2,2,1,1,2,0,0,0,0,0,1,0,0,1,0,0,0,-1.23,-1.23,0,0,2,0,0,0,0,2,0,0,2,0,1,NA,NA,NA,NA,1,NA,NA,1,NA
"158","13067031212",2018,2,110,55,1,2,0,0,0,0,0,1,0,0,0.5,0,-1.35,0,-0.195,-0.195,-0.48,0.678822509939086,110,0,0,0,0,110,0,0,10,0,55,NA,NA,NA,NA,55,NA,NA,10,NA
"159","13073030106",2018,1,100,100,1,1,0,0,0,0,0,0,0,0,0,0,1.15,NA,-0.29,-0.29,1.44,NA,100,0,0,0,0,0,0,0,0,0,100,NA,NA,NA,NA,NA,NA,NA,NA,NA
"160","13077170601",2018,1,100,100,1,1,0,0,1,0,0,1,0,0,1,0,-1.25,NA,-1.23,-1.23,-0.02,NA,100,0,0,100,0,100,0,0,100,0,100,NA,NA,100,NA,100,NA,NA,100,NA
"161","13077170603",2018,1,250,250,1,1,0,0,0,0,0,1,0,0,1,0,-1.07,NA,0,0,0,NA,250,0,0,0,0,250,0,0,250,0,250,NA,NA,NA,NA,250,NA,NA,250,NA
"162","13121000600",2018,2,50,25,1,2,0,0,0,0,0,1,0,0,1,1,-1.11,0,-1.17,-1.17,0.0599999999999998,0,50,0,0,0,0,50,0,0,50,50,25,NA,NA,NA,NA,25,NA,NA,25,25
"163","13121005200",2018,3,42.5,14.1666666666667,1,3,0,0,0,0,0,0.666666666666667,0,0,0.666666666666667,0,-1.35,0,-0.926666666666667,-0.926666666666667,0.0266666666666666,0.161658075373095,42.5,0,0,0,0,27.5,0,0,27.5,0,14.1666666666667,NA,NA,NA,NA,13.75,NA,NA,13.75,NA
"164","13121007604",2018,1,100,100,1,1,0,0,0,0,0,1,0,0,1,0,0,NA,-1.17,-1.17,0,NA,100,0,0,0,0,100,0,0,100,0,100,NA,NA,NA,NA,100,NA,NA,100,NA
"165","13121010107",2018,1,500,500,1,1,0,0,0,0,0,0,0,0,0,0,-0.38,NA,-1.59,-1.59,1.21,NA,500,0,0,0,0,0,0,0,0,0,500,NA,NA,NA,NA,NA,NA,NA,NA,NA
"166","13121011504",2018,1,1,1,1,1,0,0,0,0,0,0,0,0,1,0,-1.47,NA,0,0,0,NA,1,0,0,0,0,0,0,0,1,0,1,NA,NA,NA,NA,NA,NA,NA,1,NA
"167","13127000404",2018,5,24.6,4.92,1,5,0,0,0,0,0,0.6,0,0,0.6,0,-1.8,0,-0.91,-0.91,-0.17,0.239478600296561,24.6,0,0,0,0,1.6,0,0,1.6,0,4.92,NA,NA,NA,NA,0.533333333333333,NA,NA,0.533333333333333,NA
"168","13135050208",2018,2,160,80,1,2,0,0,0,0,0,0,0.5,0.5,0,0,1.55,0,0,0,0,0,160,0,0,0,0,0,80,80,0,0,80,NA,NA,NA,NA,NA,80,80,NA,NA
"169","13135050213",2018,1,27,27,1,1,0,0,0,0,0,1,0,0,0,0,-1.2,NA,-1.72,-1.72,0.52,NA,27,0,0,0,0,27,0,0,0,0,27,NA,NA,NA,NA,27,NA,NA,NA,NA
"170","13135050421",2018,1,25,25,1,1,0,0,1,1,0,1,0,0,1,0,0,NA,-1.23,-1.23,0,NA,25,0,25,25,0,25,0,0,25,0,25,NA,25,25,NA,25,NA,NA,25,NA
"171","13135050433",2018,1,100,100,1,1,0,0,0,0,0,1,0,0,0,0,-1.24,NA,-1.14,-1.14,-0.1,NA,100,0,0,0,0,100,0,0,0,0,100,NA,NA,NA,NA,100,NA,NA,NA,NA
"172","13135050712",2018,4,100,25,1,4,0,0,0,0,0,0,0,0,0,0,-1.05,0,-0.96,-0.96,-0.0900000000000001,0,100,0,0,0,0,0,0,0,0,0,25,NA,NA,NA,NA,NA,NA,NA,NA,NA
"173","13135050714",2018,2,50,25,1,2,0,0,0,2,0,0,0,0,0,0,-1.68,0,-0.795,-0.795,-0.0449999999999999,0.0636396103067892,50,0,50,0,0,0,0,0,0,0,25,NA,25,NA,NA,NA,NA,NA,NA,NA
"174","13135050723",2018,1,25,25,1,1,0,0,0,0,0,0,0,0,0,0,-1.05,NA,-0.96,-0.96,-0.0900000000000001,NA,25,0,0,0,0,0,0,0,0,0,25,NA,NA,NA,NA,NA,NA,NA,NA,NA
"175","13139001301",2018,1,250,250,1,1,0,0,0,0,0,0,0,0,1,1,1.26,NA,0,0,0,NA,250,0,0,0,0,0,0,0,250,250,250,NA,NA,NA,NA,NA,NA,NA,250,250
"176","13151070202",2018,1,10,10,1,1,0,0,0,0,0,1,0,0,1,0,-1.49,NA,-1.47,-1.47,-0.02,NA,10,0,0,0,0,10,0,0,10,0,10,NA,NA,NA,NA,10,NA,NA,10,NA
"177","13257970400",2018,2,6,3,1,2,0,0,0,0,0,0.5,0,0,1,0,-1.27,0,-0.76,-0.76,0.125,0.176776695296637,6,0,0,0,0,1,0,0,6,0,3,NA,NA,NA,NA,1,NA,NA,3,NA
"178","15003000112",2018,1,5,5,1,1,0,0,0,0,0,1,0,0,1,0,-1.41,NA,-1.15,-1.15,-0.26,NA,5,0,0,0,0,5,0,0,5,0,5,NA,NA,NA,NA,5,NA,NA,5,NA
"179","15003000902",2018,2,16.5,8.25,1,2,0,0,0,0,0,0.5,0,0,1,0,-1.59,0,-0.745,-0.745,-0.05,0.0707106781186548,16.5,0,0,0,0,1.5,0,0,16.5,0,8.25,NA,NA,NA,NA,1.5,NA,NA,8.25,NA
"180","15003003900",2018,10,500,50,1,10,0,0,0,0,0,0.8,0,0,0.8,0,-1.436,0.15507704178533,-1.246,-1.246,-0.19,0.032317865716109,500,0,0,0,0,470,0,0,470,0,50,NA,NA,NA,NA,58.75,NA,NA,58.75,NA
"181","15003005000",2018,1,5,5,1,1,0,0,0,0,0,0,0,0,0,0,-1.72,NA,0,0,0,NA,5,0,0,0,0,0,0,0,0,0,5,NA,NA,NA,NA,NA,NA,NA,NA,NA
"182","15003008622",2018,1,10,10,1,1,0,0,1,0,0,1,0,0,0,0,-1.53,NA,-1.27,-1.27,-0.26,NA,10,0,0,10,0,10,0,0,0,0,10,NA,NA,10,NA,10,NA,NA,NA,NA
"183","15003008924",2018,3,25,8.33333333333333,1,3,0,0,0,0,0,0.666666666666667,0,0,0,0,-1.37,0,-0.983333333333333,-0.983333333333333,0.0699999999999999,0.07,25,0,0,0,0,15,0,0,0,0,8.33333333333333,NA,NA,NA,NA,7.5,NA,NA,NA,NA
"184","15003009501",2018,1,5,5,1,1,0,0,0,0,0,1,0,0,0,0,-1.57,NA,-1.51,-1.51,-0.0600000000000001,NA,5,0,0,0,0,5,0,0,0,0,5,NA,NA,NA,NA,5,NA,NA,NA,NA
"185","15003010100",2018,1,10,10,1,1,0,0,0,0,0,1,0,0,1,0,0,NA,-1.17,-1.17,0,NA,10,0,0,0,0,10,0,0,10,0,10,NA,NA,NA,NA,10,NA,NA,10,NA
"186","15003011202",2018,3,26,8.66666666666667,1,3,0,0,0,0,0,0.333333333333333,0,0,0.333333333333333,0,-1.73,0,-1.06,-1.06,-0.0933333333333333,0.0808290376865475,26,0,0,0,0,1,0,0,1,0,8.66666666666667,NA,NA,NA,NA,1,NA,NA,1,NA
"187","15007040104",2018,2,16.5,8.25,1,2,0,0,0,0,0,1,0,0,1,0,0,0,-0.615,-0.615,0,0,16.5,0,0,0,0,16.5,0,0,16.5,0,8.25,NA,NA,NA,NA,8.25,NA,NA,8.25,NA
"188","15009030301",2018,1,1500,1500,1,1,0,0,0,0,0,0,1,0,0,0,0.67,NA,1.04,1.04,-0.37,NA,1500,0,0,0,0,0,1500,0,0,0,1500,NA,NA,NA,NA,NA,1500,NA,NA,NA
"189","15009030404",2018,4,90,22.5,1,4,0,0,0,0,0,0.75,0,0,0.75,0,-1.49,0,-1.3,-1.3,-0.19,0.196977156035922,90,0,0,0,0,75,0,0,75,0,22.5,NA,NA,NA,NA,25,NA,NA,25,NA
"190","15009031502",2018,8,23.5,2.9375,1,8,0,0,0,0,0,1,0,0,1,0,0,0,-1.07625,-1.07625,0,0,23.5,0,0,0,0,23.5,0,0,23.5,0,2.9375,NA,NA,NA,NA,2.9375,NA,NA,2.9375,NA
"191","15009031801",2018,2,158.98,79.49,1,2,0,0,2,0,0,0,0,0,1,0,0,0,0,0,0,0,158.98,0,0,158.98,0,0,0,0,158.98,0,79.49,NA,NA,79.49,NA,NA,NA,NA,79.49,NA
"192","15009031900",2018,6,186,31,1,6,0,0,0,0,0,0,0,0,0.833333333333333,0,-1.99,0,-1.95833333333333,-1.95833333333333,-0.0316666666666667,0.00408248290463863,186,0,0,0,0,0,0,0,135,0,31,NA,NA,NA,NA,NA,NA,NA,27,NA
"193","16001010504",2018,2,5,2.5,1,2,0,0,0,0,0,0.5,0,0,0.5,0,-1.32,0,-1.35,-1.35,0.0299999999999999,0.197989898732233,5,0,0,0,0,2.5,0,0,2.5,0,2.5,NA,NA,NA,NA,2.5,NA,NA,2.5,NA
"194","16005000700",2018,5,35,7,1,5,0,0,0,0,0,0,0,0,1,0,-1.36,0,-1.49,-1.49,0.13,0,35,0,0,0,0,0,0,0,35,0,7,NA,NA,NA,NA,NA,NA,NA,7,NA
"195","16027021100",2018,3,50,16.6666666666667,1,3,0,0,0,0,0,0,0,0,0.333333333333333,0,-1.74,0,-1.50333333333333,-1.50333333333333,-0.236666666666667,0.150111069989303,50,0,0,0,0,0,0,0,15,0,16.6666666666667,NA,NA,NA,NA,NA,NA,NA,15,NA
"196","16043970100",2018,2,16.5,8.25,1,2,0,0,0,0,0,0.5,0,0,1,0,-1.41,0,-0.76,-0.76,0.055,0.0777817459305203,16.5,0,0,0,0,1.5,0,0,16.5,0,8.25,NA,NA,NA,NA,1.5,NA,NA,8.25,NA
"197","16055000500",2018,4,77.5,19.375,1,4,0,0,0,0,0,1,0,0,1,0,-1.34,0,-0.9225,-0.9225,-0.0825000000000001,0.055,77.5,0,0,0,0,77.5,0,0,77.5,0,19.375,NA,NA,NA,NA,19.375,NA,NA,19.375,NA
"198","16055002000",2018,1,10,10,1,1,0,0,0,0,0,1,0,0,0,0,-1.38,NA,-1.27,-1.27,-0.11,NA,10,0,0,0,0,10,0,0,0,0,10,NA,NA,NA,NA,10,NA,NA,NA,NA
"199","17031080202",2018,3,-288,-96,1,3,0,0,0,0,0,0,0,0,1,0,-1.43,0,-1.36,-1.36,-0.0699999999999998,0,-288,0,0,0,0,0,0,0,-288,0,-96,NA,NA,NA,NA,NA,NA,NA,-96,NA
"200","17031081500",2018,1,5400,5400,1,1,0,0,0,0,0,1,0,0,1,0,-1.28,NA,-1.17,-1.17,-0.11,NA,5400,0,0,0,0,5400,0,0,5400,0,5400,NA,NA,NA,NA,5400,NA,NA,5400,NA
"201","17031330100",2018,1,50,50,1,1,0,0,0,0,0,0,0,0,0,0,-1.38,NA,-1.59,-1.59,0.21,NA,50,0,0,0,0,0,0,0,0,0,50,NA,NA,NA,NA,NA,NA,NA,NA,NA
"202","17031801000",2018,7,255,36.4285714285714,1,7,0,0,0,0,0,1,0,0,1,0,-1.29,0,-1.15,-1.15,-0.14,0,255,0,0,0,0,255,0,0,255,0,36.4285714285714,NA,NA,NA,NA,36.4285714285714,NA,NA,36.4285714285714,NA
"203","17031805702",2018,1,120,120,0,0,1,1,0,0,0,0,0,0,1,0,-0.22,NA,-0.2,-0.2,-0.02,NA,0,120,0,0,0,0,0,0,120,0,NA,120,NA,NA,NA,NA,NA,NA,120,NA
"204","17031809400",2018,3,135,45,1,3,0,0,0,0,0,1,0,0,1,0,-1.43,0,0,0,0,0,135,0,0,0,0,135,0,0,135,0,45,NA,NA,NA,NA,45,NA,NA,45,NA
"205","17031842300",2018,1,1000,1000,0,0,0,0,0,0,0,1,0,0,0,0,-0.73,NA,-0.58,-0.58,-0.15,NA,0,0,0,0,0,1000,0,0,0,0,NA,NA,NA,NA,NA,1000,NA,NA,NA,NA
"206","17089854800",2018,2,6,3,1,2,0,0,0,0,0,0.5,0,0,0.5,0,0,0,0,0,0,0,6,0,0,0,0,1,0,0,1,0,3,NA,NA,NA,NA,1,NA,NA,1,NA
"207","17197880307",2018,1,5,5,1,1,0,0,0,0,0,1,0,0,0,0,-1.49,NA,-1.37,-1.37,-0.12,NA,5,0,0,0,0,5,0,0,0,0,5,NA,NA,NA,NA,5,NA,NA,NA,NA
"208","17201001100",2018,2,30,15,1,2,0,0,0,0,0,0.5,0,0,1,0,0,0,-0.69,-0.69,0,0,30,0,0,0,0,5,0,0,30,0,15,NA,NA,NA,NA,5,NA,NA,15,NA
"209","18057110905",2018,2,83.32,41.66,1,2,0,0,2,0,0,0,0,0,1,1,-0.09,0,-0.06,-0.06,-0.03,0,83.32,0,0,83.32,0,0,0,0,83.32,83.32,41.66,NA,NA,41.66,NA,NA,NA,NA,41.66,41.66
"210","18095001300",2018,7,311.36,44.48,1,7,0,0,7,0,0,0,0,0,1,0,1.03,0,0,0,0,0,311.36,0,0,311.36,0,0,0,0,311.36,0,44.48,NA,NA,44.48,NA,NA,NA,NA,44.48,NA
"211","18163010201",2018,1,257.47,257.47,1,1,0,0,0,0,0,0,0,0,1,0,0,NA,0,0,0,NA,257.47,0,0,0,0,0,0,0,257.47,0,257.47,NA,NA,NA,NA,NA,NA,NA,257.47,NA
"212","19057000200",2018,1,2700,2700,1,1,0,0,0,0,0,1,0,0,0,0,-0.39,NA,-0.51,-0.51,0.12,NA,2700,0,0,0,0,2700,0,0,0,0,2700,NA,NA,NA,NA,2700,NA,NA,NA,NA
"213","19087970100",2018,1,500,500,1,1,0,0,0,0,0,0,1,0,0,0,0.64,NA,0.62,0.62,0.02,NA,500,0,0,0,0,0,500,0,0,0,500,NA,NA,NA,NA,NA,500,NA,NA,NA
"214","19097950300",2018,1,50,50,1,1,0,0,0,0,0,0,0,0,1,0,-0.42,NA,-0.37,-0.37,-0.05,NA,50,0,0,0,0,0,0,0,50,0,50,NA,NA,NA,NA,NA,NA,NA,50,NA
"215","19099040100",2018,14,191.87,13.705,1,14,0,0,0,0,0,0.714285714285714,0,0,0.714285714285714,0,-1.69,0,-1.165,-1.165,-0.162857142857143,0.266643771910954,191.87,0,0,0,0,147.3,0,0,123.87,0,13.705,NA,NA,NA,NA,14.73,NA,NA,12.387,NA
"216","19103000100",2018,9,112.4,12.4888888888889,1,9,0,0,0,0,0,0.777777777777778,0,0,0.555555555555556,0,-1.43,0,-0.434444444444444,-0.434444444444444,-0.0422222222222222,0.13571825391024,112.4,0,0,0,0,72.4,0,0,28.4,0,12.4888888888889,NA,NA,NA,NA,10.3428571428571,NA,NA,5.68,NA
"217","19157370300",2018,2,50,25,1,2,0,0,0,0,0,1,0,0,1,0,-1.34,0,-1.19,-1.19,-0.15,0.0565685424949239,50,0,0,0,0,50,0,0,50,0,25,NA,NA,NA,NA,25,NA,NA,25,NA
"218","20173004300",2018,4,13500,3375,1,4,0,0,0,0,0,0,0,0,0,0,1.04,0,0.3075,0.3075,-0.0475,0.095,13500,0,0,0,0,0,0,0,0,0,3375,NA,NA,NA,NA,NA,NA,NA,NA,NA
"219","21111010319",2018,5,14,2.8,1,5,0,0,0,0,0,1,0,0,0.8,0,-1.63,0,-1.222,-1.222,-0.408,0.0178885438199983,14,0,0,0,0,14,0,0,4,0,2.8,NA,NA,NA,NA,2.8,NA,NA,1,NA
"220","22015010702",2018,2,160,80,1,2,0,0,2,0,0,0,0.5,0.5,0,0,1.44,0,0,0,0,0,160,0,0,160,0,0,80,80,0,0,80,NA,NA,80,NA,NA,80,80,NA,NA
"221","22015011106",2018,6,46,7.66666666666667,1,6,0,0,0,0,0,0.5,0,0,0.666666666666667,0,-1.41,0,-0.86,-0.86,-0.08,0.120664825031987,46,0,0,0,0,31,0,0,36,0,7.66666666666667,NA,NA,NA,NA,10.3333333333333,NA,NA,9,NA
"222","22033004509",2018,3,10000,3333.33333333333,1,3,0,0,0,0,0,0,0.666666666666667,0,0.333333333333333,0.333333333333333,0.75,0,0.74,0.74,0.00999999999999997,0.121243556529821,10000,0,0,0,0,0,5400,0,4600,2700,3333.33333333333,NA,NA,NA,NA,NA,2700,NA,4600,2700
"223","22055001600",2018,1,1000,1000,1,1,0,0,0,0,0,1,0,0,0,0,-1.08,NA,-0.98,-0.98,-0.1,NA,1000,0,0,0,0,1000,0,0,0,0,1000,NA,NA,NA,NA,1000,NA,NA,NA,NA
"224","22103040305",2018,4,22.2,5.55,1,4,0,0,0,0,0,1,0,0,0.5,0,-1.54,0,-1.0025,-1.0025,-0.1525,0.155643824162734,22.2,0,0,0,0,22.2,0,0,2.2,0,5.55,NA,NA,NA,NA,5.55,NA,NA,1.1,NA
"225","23001041000",2018,3,125,41.6666666666667,1,3,0,0,0,0,0,1,0,0,1,0,-1.28,0,-1.20333333333333,-1.20333333333333,-0.0766666666666667,0.0461880215351701,125,0,0,0,0,125,0,0,125,0,41.6666666666667,NA,NA,NA,NA,41.6666666666667,NA,NA,41.6666666666667,NA
"226","23003952100",2018,10,116,11.6,1,10,0,0,0,0,0,1,0,0,0.6,0,-1.096,0.577642719257424,-0.706,-0.706,-0.0880000000000001,0.113607511488751,116,0,0,0,0,116,0,0,36,0,11.6,NA,NA,NA,NA,11.6,NA,NA,6,NA
"227","23005001700",2018,4,1280,320,1,4,0,0,1,0,0,1,0,0,0,0,-1.245,0.297825452236709,-1.3275,-1.3275,0.0825,0.357712640723435,1280,0,0,25,0,1280,0,0,0,0,320,NA,NA,25,NA,320,NA,NA,NA,NA
"228","23005002101",2018,4,12.5,3.125,1,4,0,0,0,0,0,1,0,0,1,0,-1.64,0,-0.2875,-0.2875,-0.1225,0.245,12.5,0,0,0,0,12.5,0,0,12.5,0,3.125,NA,NA,NA,NA,3.125,NA,NA,3.125,NA
"229","23005002800",2018,1,100,100,1,1,0,0,0,0,0,1,0,0,0,0,-1.87,NA,-1.72,-1.72,-0.15,NA,100,0,0,0,0,100,0,0,0,0,100,NA,NA,NA,NA,100,NA,NA,NA,NA
"230","23005004802",2018,1,1000,1000,1,1,0,0,0,0,0,1,0,0,0,0,-0.72,NA,-0.65,-0.65,-0.07,NA,1000,0,0,0,0,1000,0,0,0,0,1000,NA,NA,NA,NA,1000,NA,NA,NA,NA
"231","23005004803",2018,5,48,9.6,1,5,0,0,0,0,0,0.4,0,0,1,0,-1.6,0,-0.894,-0.894,-0.0660000000000001,0.0602494813255683,48,0,0,0,0,3,0,0,48,0,9.6,NA,NA,NA,NA,1.5,NA,NA,9.6,NA
"232","23007970602",2018,7,350,50,1,7,0,0,0,0,0,0,0,0,1,0,-1.87,0,-1.49,-1.49,-0.38,0,350,0,0,0,0,0,0,0,350,0,50,NA,NA,NA,NA,NA,NA,NA,50,NA
"233","23009966200",2018,2,200,100,1,2,0,0,0,0,0,1,0,0,1,0,-1.26,0,-1.23,-1.23,-0.03,0,200,0,0,0,0,200,0,0,200,0,100,NA,NA,NA,NA,100,NA,NA,100,NA
"234","23009966600",2018,1,5,5,1,1,0,0,0,0,0,0,0,0,0,0,-1.37,NA,-1.59,-1.59,0.22,NA,5,0,0,0,0,0,0,0,0,0,5,NA,NA,NA,NA,NA,NA,NA,NA,NA
"235","23011017000",2018,1,5,5,1,1,0,0,1,0,0,0,0,0,0,0,-1.63,NA,-1.59,-1.59,-0.0399999999999998,NA,5,0,0,5,0,0,0,0,0,0,5,NA,NA,5,NA,NA,NA,NA,NA,NA
"236","23013971000",2018,2,22.5,11.25,1,2,0,0,0,0,0,0,0,0,0,0,-1.56,0,-0.815,-0.815,0.0349999999999999,0.0494974746830582,22.5,0,0,0,0,0,0,0,0,0,11.25,NA,NA,NA,NA,NA,NA,NA,NA,NA
"237","23015975500",2018,7,7,1,1,7,0,0,0,0,0,1,0,0,1,0,0,0,-1.23,-1.23,0,0,7,0,0,0,0,7,0,0,7,0,1,NA,NA,NA,NA,1,NA,NA,1,NA
"238","23015976200",2018,1,15,15,1,1,0,0,0,0,0,1,0,0,1,0,-1.48,NA,-1.23,-1.23,-0.25,NA,15,0,0,0,0,15,0,0,15,0,15,NA,NA,NA,NA,15,NA,NA,15,NA
"239","23019010000",2018,7,7,1,1,7,0,0,0,0,0,1,0,0,1,0,0,0,-1.23,-1.23,0,0,7,0,0,0,0,7,0,0,7,0,1,NA,NA,NA,NA,1,NA,NA,1,NA
"240","23021960700",2018,2,5.5,2.75,1,2,0,0,0,0,0,0.5,0,0,1,0,-1.59,0,-0.76,-0.76,-0.035,0.0494974746830584,5.5,0,0,0,0,0.5,0,0,5.5,0,2.75,NA,NA,NA,NA,0.5,NA,NA,2.75,NA
"241","23023970400",2018,1,50,50,1,1,0,0,0,0,0,0,0,0,0,0,-1.48,NA,-1.37,-1.37,-0.11,NA,50,0,0,0,0,0,0,0,0,0,50,NA,NA,NA,NA,NA,NA,NA,NA,NA
"242","23023970500",2018,6,70,11.6666666666667,1,6,0,0,0,0,0,0.833333333333333,0,0,1,0,-1.24166666666667,0.608289952791156,-1.25,-1.25,-0.216666666666667,0.106144555520604,70,0,0,0,0,60,0,0,70,0,11.6666666666667,NA,NA,NA,NA,12,NA,NA,11.6666666666667,NA
"243","23025966200",2018,4,40,10,1,4,0,0,0,0,0,1,0,0,0,0,-1.53,0,-1.37,-1.37,-0.16,0,40,0,0,0,0,40,0,0,0,0,10,NA,NA,NA,NA,10,NA,NA,NA,NA
"244","23027046001",2018,1,10,10,1,1,0,0,0,0,0,1,0,0,0,0,-1.2,NA,-0.54,-0.54,-0.66,NA,10,0,0,0,0,10,0,0,0,0,10,NA,NA,NA,NA,10,NA,NA,NA,NA
"245","23029955300",2018,1,30,30,1,1,0,0,0,0,0,1,0,0,0,0,-1.25,NA,-1.3,-1.3,0.05,NA,30,0,0,0,0,30,0,0,0,0,30,NA,NA,NA,NA,30,NA,NA,NA,NA
"246","23029955500",2018,2,27.5,13.75,1,2,0,0,0,0,0,1,0,0,1,0,-1.48,0,-0.615,-0.615,-0.125,0.176776695296637,27.5,0,0,0,0,27.5,0,0,27.5,0,13.75,NA,NA,NA,NA,13.75,NA,NA,13.75,NA
"247","23029956300",2018,3,14,4.66666666666667,1,3,0,0,0,3,0,1,0,0,1,0,-1.69,0,-1.20333333333333,-1.20333333333333,-0.486666666666667,0.0461880215351701,14,0,14,0,0,14,0,0,14,0,4.66666666666667,NA,4.66666666666667,NA,NA,4.66666666666667,NA,NA,4.66666666666667,NA
"248","23031024000",2018,1,5,5,1,1,0,0,0,0,0,1,0,0,1,0,-1.47,NA,-1.23,-1.23,-0.24,NA,5,0,0,0,0,5,0,0,5,0,5,NA,NA,NA,NA,5,NA,NA,5,NA
"249","23031027000",2018,16,78,4.875,1,16,0,0,0,0,0,1,0,0,1,0,-1.46,0,-1.23,-1.23,-0.23,0,78,0,0,0,0,78,0,0,78,0,4.875,NA,NA,NA,NA,4.875,NA,NA,4.875,NA
"250","23031030300",2018,1,25,25,1,1,0,0,0,0,0,0,0,0,0,0,-1.3,NA,-1.4,-1.4,0.0999999999999999,NA,25,0,0,0,0,0,0,0,0,0,25,NA,NA,NA,NA,NA,NA,NA,NA,NA
"251","24003731204",2018,1,200,200,1,1,0,0,0,0,0,0,0,0,1,0,-0.05,NA,-0.03,-0.03,-0.02,NA,200,0,0,0,0,0,0,0,200,0,200,NA,NA,NA,NA,NA,NA,NA,200,NA
"252","25001010206",2018,11,70,6.36363636363636,1,11,0,0,0,0,0,0.909090909090909,0,0,0.909090909090909,0,-1.33727272727273,0.194169560389414,-0.703636363636364,-0.703636363636364,-0.0218181818181818,0.0404519917477945,70,0,0,0,0,67.5,0,0,67.5,0,6.36363636363636,NA,NA,NA,NA,6.75,NA,NA,6.75,NA
"253","25001010306",2018,5,70,14,1,5,0,0,0,0,0,1,0,0,1,0,-1.46,0,-0.738,-0.738,-0.138,0.125976188226188,70,0,0,0,0,70,0,0,70,0,14,NA,NA,NA,NA,14,NA,NA,14,NA
"254","25001010800",2018,24,286.1,11.9208333333333,1,24,0,0,0,0,0,0.416666666666667,0,0,0.791666666666667,0,-1.58,0,-1.00625,-1.00625,0.0187499999999999,0.0951114906421612,286.1,0,0,0,0,40.1,0,0,231.1,0,11.9208333333333,NA,NA,NA,NA,4.01,NA,NA,12.1631578947368,NA
"255","25001012700",2018,2,40,20,1,2,0,0,0,0,0,0.5,0,0,1,0,0.4,0,-1.305,-1.305,1.705,0.106066017177982,40,0,0,0,0,35,0,0,40,0,20,NA,NA,NA,NA,35,NA,NA,20,NA
"256","25009268400",2018,5,75,15,1,5,0,0,0,0,0,0.6,0,0,1,0,0,0,-0.744,-0.744,0,0,75,0,0,0,0,65,0,0,75,0,15,NA,NA,NA,NA,21.6666666666667,NA,NA,15,NA
"257","25011040701",2018,2,30,15,1,2,0,0,0,0,0,0,0,0,0,0,0,0,0,0,0,0,30,0,0,0,0,0,0,0,0,0,15,NA,NA,NA,NA,NA,NA,NA,NA,NA
"258","25013801602",2018,5,90,18,1,5,0,0,0,0,0,1,0,0,1,0,-1.264,0.706597480889934,-1.23,-1.23,-0.28,0.156524758424985,90,0,0,0,0,90,0,0,90,0,18,NA,NA,NA,NA,18,NA,NA,18,NA
"259","25013802300",2018,2,30,15,1,2,0,0,0,0,0,0,0,0,1,0,-1.21,0,-1.52,-1.52,0.31,0,30,0,0,0,0,0,0,0,30,0,15,NA,NA,NA,NA,NA,NA,NA,15,NA
"260","25013811301",2018,2,500,250,1,2,0,0,0,0,0,1,0,0,1,0,-1.27,0,0,0,0,0,500,0,0,0,0,500,0,0,500,0,250,NA,NA,NA,NA,250,NA,NA,250,NA
"261","25013812401",2018,9,2100,233.333333333333,1,9,0,0,0,0,0,0.888888888888889,0,0,1,0,-1.27,0,-1.18888888888889,-1.18888888888889,-0.0811111111111112,0.116666666666667,2100,0,0,0,0,2000,0,0,2100,0,233.333333333333,NA,NA,NA,NA,250,NA,NA,233.333333333333,NA
"262","25017338500",2018,2,27.5,13.75,1,2,0,0,0,0,0,1,0,0,1,0,-1.28,0,-0.74,-0.74,0.1,0.141421356237309,27.5,0,0,0,0,27.5,0,0,27.5,0,13.75,NA,NA,NA,NA,13.75,NA,NA,13.75,NA
"263","25017350104",2018,4,158,39.5,1,4,0,0,0,0,0,0.75,0,0,0.5,0,-1.58,0.161658075373095,-1.38,-1.38,-0.2,0.335261092284804,158,0,0,0,0,58,0,0,8,0,39.5,NA,NA,NA,NA,19.3333333333333,NA,NA,4,NA
"264","25017350900",2018,3,50,16.6666666666667,0,0,0,0,0,0,0,1,0,0,1,0,0,0,-1.2,-1.2,0,0,0,0,0,0,0,50,0,0,50,0,NA,NA,NA,NA,NA,16.6666666666667,NA,NA,16.6666666666667,NA
"265","25017351203",2018,4,40,10,1,4,0,0,0,0,0,0,0,0,0,0,-1.91,0,-1.76,-1.76,-0.15,0,40,0,0,0,0,0,0,0,0,0,10,NA,NA,NA,NA,NA,NA,NA,NA,NA
"266","25017357700",2018,3,15,5,1,3,0,0,3,0,0,0,0,0,0,0,-1.69,0,-1.59,-1.59,-0.0999999999999999,0,15,0,0,15,0,0,0,0,0,0,5,NA,NA,5,NA,NA,NA,NA,NA,NA
"267","25017374000",2018,2,27.5,13.75,1,2,0,0,2,0,0,1,0,0,1,0,-1.11,0,-0.585,-0.585,0.0299999999999999,0.0424264068711927,27.5,0,0,27.5,0,27.5,0,0,27.5,0,13.75,NA,NA,13.75,NA,13.75,NA,NA,13.75,NA
"268","25017388100",2018,8,200,25,1,8,0,0,0,0,0,1,0,0,0.5,0,-1.51,0,-0.72,-0.72,-0.035,0.0374165738677394,200,0,0,0,0,200,0,0,20,0,25,NA,NA,NA,NA,25,NA,NA,5,NA
"269","25021422200",2018,3,9,3,1,3,0,0,0,0,0,0,0,0,1,0,0,0,-1.49,-1.49,0,0,9,0,0,0,0,0,0,0,9,0,3,NA,NA,NA,NA,NA,NA,NA,3,NA
"270","25023509102",2018,1,20,20,1,1,0,0,0,0,0,1,0,0,1,0,-1.6,NA,-1.29,-1.29,-0.31,NA,20,0,0,0,0,20,0,0,20,0,20,NA,NA,NA,NA,20,NA,NA,20,NA
"271","25025010801",2018,10,855,85.5,1,10,0,0,0,0,0,0.4,0,0,0.4,0,-1.41,0,-1.378,-1.378,0.109,0.11855144218627,855,0,0,0,0,430,0,0,480,0,85.5,NA,NA,NA,NA,107.5,NA,NA,120,NA
"272","25025990101",2018,1,10,10,1,1,0,0,0,0,0,1,0,0,0,0,-1.62,NA,-1.27,-1.27,-0.35,NA,10,0,0,0,0,10,0,0,0,0,10,NA,NA,NA,NA,10,NA,NA,NA,NA
"273","25027703200",2018,7,350,50,1,7,0,0,0,0,0,1,0,0,1,0,-0.59,0,-1.23,-1.23,0.64,0,350,0,0,0,0,350,0,0,350,0,50,NA,NA,NA,NA,50,NA,NA,50,NA
"274","25027712101",2018,15,217.5,14.5,1,15,0,0,15,0,0,1,0,0,0.466666666666667,0,-1.36,0,-0.645333333333333,-0.645333333333333,-0.0800000000000001,0.0774596669241484,217.5,0,0,217.5,0,217.5,0,0,17.5,0,14.5,NA,NA,14.5,NA,14.5,NA,NA,2.5,NA
"275","26007000500",2018,1,15,15,1,1,0,0,0,1,0,0,0,0,0,0,-1.64,NA,0,0,0,NA,15,0,15,0,0,0,0,0,0,0,15,NA,15,NA,NA,NA,NA,NA,NA,NA
"276","26031960700",2018,1,10,10,1,1,0,0,0,0,0,0,0,0,0,0,-1.45,NA,-1.59,-1.59,0.14,NA,10,0,0,0,0,0,0,0,0,0,10,NA,NA,NA,NA,NA,NA,NA,NA,NA
"277","26065004500",2018,1,5,5,1,1,0,0,1,1,0,1,0,0,0,0,-1.54,NA,-1.44,-1.44,-0.1,NA,5,0,5,5,0,5,0,0,0,0,5,NA,5,5,NA,5,NA,NA,NA,NA
"278","26077002905",2018,1,1,1,1,1,0,0,0,0,0,1,0,0,1,0,-1.6,NA,-1.23,-1.23,-0.37,NA,1,0,0,0,0,1,0,0,1,0,1,NA,NA,NA,NA,1,NA,NA,1,NA
"279","26081011600",2018,1,96.8,96.8,1,1,0,0,0,0,0,0,0,0,0,0,1.18,NA,0.96,0.96,0.22,NA,96.8,0,0,0,0,0,0,0,0,0,96.8,NA,NA,NA,NA,NA,NA,NA,NA,NA
"280","26125156900",2018,1,100,100,1,1,0,0,0,0,0,0,0,0,0,0,-1.36,NA,-1.25,-1.25,-0.11,NA,100,0,0,0,0,0,0,0,0,0,100,NA,NA,NA,NA,NA,NA,NA,NA,NA
"281","26125183700",2018,15,79,5.26666666666667,1,15,0,0,0,0,0,1,0,0,0.466666666666667,0,-1.25,0,-1.06933333333333,-1.06933333333333,-0.180666666666667,0.347695816702446,79,0,0,0,0,79,0,0,44,0,5.26666666666667,NA,NA,NA,NA,5.26666666666667,NA,NA,6.28571428571429,NA
"282","26149041300",2018,1,6,6,1,1,0,0,0,0,0,1,0,0,1,0,0,NA,-1.23,-1.23,0,NA,6,0,0,0,0,6,0,0,6,0,6,NA,NA,NA,NA,6,NA,NA,6,NA
"283","26161404500",2018,2,1.2,0.6,1,2,0,0,0,0,0,1,0,0,1,0,-1.87,0,-0.67,-0.67,-0.265,0.37476659402887,1.2,0,0,0,0,1.2,0,0,1.2,0,0.6,NA,NA,NA,NA,0.6,NA,NA,0.6,NA
"284","27037060817",2018,1,10,10,1,1,0,0,0,0,0,1,0,0,1,0,-1.8,NA,-1.17,-1.17,-0.63,NA,10,0,0,0,0,10,0,0,10,0,10,NA,NA,NA,NA,10,NA,NA,10,NA
"285","27171100702",2018,4,174.49,43.6225,1,4,0,0,4,0,0,0,1,0,1,0,0,0,1.19,1.19,0,0,174.49,0,0,174.49,0,0,174.49,0,174.49,0,43.6225,NA,NA,43.6225,NA,NA,43.6225,NA,43.6225,NA
"286","28089030400",2018,4,200,50,1,4,0,0,4,0,0,0,0,0,1,0,1.46,0,1.52,1.52,-0.0600000000000001,0,200,0,0,200,0,0,0,0,200,0,50,NA,NA,50,NA,NA,NA,NA,50,NA
"287","29021001700",2018,15,166,11.0666666666667,1,15,0,0,0,0,0,0.666666666666667,0,0,0.8,0,-1.35,0,-1.14133333333333,-1.14133333333333,-0.118666666666667,0.0907796914565829,166,0,0,0,0,91,0,0,135,0,11.0666666666667,NA,NA,NA,NA,9.1,NA,NA,11.25,NA
"288","29021002900",2018,1,500,500,1,1,0,0,0,0,0,0,1,0,0,0,-1.17,NA,0.7,0.7,-1.87,NA,500,0,0,0,0,0,500,0,0,0,500,NA,NA,NA,NA,NA,500,NA,NA,NA
"289","29047022100",2018,1,5000,5000,1,1,0,0,0,0,0,1,0,0,0,0,-0.83,NA,-0.94,-0.94,0.11,NA,5000,0,0,0,0,5000,0,0,0,0,5000,NA,NA,NA,NA,5000,NA,NA,NA,NA
"290","29055450200",2018,4,8.8,2.2,1,4,0,0,0,0,0,0.75,0,0,1,0,-1.7,0,-0.66,-0.66,-0.19,0.259615099714943,8.8,0,0,0,0,5.8,0,0,8.8,0,2.2,NA,NA,NA,NA,1.93333333333333,NA,NA,2.2,NA
"291","29079960100",2018,2,21,10.5,1,2,0,0,0,0,0,0.5,0,0,0.5,0,-1.3,0,-0.72,-0.72,0.07,0.0989949493661166,21,0,0,0,0,1,0,0,1,0,10.5,NA,NA,NA,NA,1,NA,NA,1,NA
"292","29095006100",2018,1,125,125,1,1,0,0,1,0,0,1,0,0,0,0,-2.07,NA,-2.07,-2.07,0,NA,125,0,0,125,0,125,0,0,0,0,125,NA,NA,125,NA,125,NA,NA,NA,NA
"293","29097010900",2018,6,90,15,1,6,0,0,6,0,0,1,0,0,1,0,-1.44,0,-1.23,-1.23,-0.21,0,90,0,0,90,0,90,0,0,90,0,15,NA,NA,15,NA,15,NA,NA,15,NA
"294","29183311909",2018,1,225,225,1,1,0,0,0,0,0,0,0,0,1,0,-0.38,NA,-0.34,-0.34,-0.04,NA,225,0,0,0,0,0,0,0,225,0,225,NA,NA,NA,NA,NA,NA,NA,225,NA
"295","30031000503",2018,15,174,11.6,1,15,0,0,0,0,0,0.866666666666667,0,0,0.733333333333333,0,-1.37,0,-0.753333333333333,-0.753333333333333,-0.0686666666666667,0.155970082601333,174,0,0,0,0,141.5,0,0,119,0,11.6,NA,NA,NA,NA,10.8846153846154,NA,NA,10.8181818181818,NA
"296","30077000100",2018,1,150,150,1,1,0,0,0,0,0,0,1,0,1,0,1.25,NA,1.19,1.19,0.0600000000000001,NA,150,0,0,0,0,0,150,0,150,0,150,NA,NA,NA,NA,NA,150,NA,150,NA
"297","31109003720",2018,10,590.6,59.06,1,10,0,0,0,0,0,0,0,0,1,0,0,0,0,0,0,0,590.6,0,0,0,0,0,0,0,590.6,0,59.06,NA,NA,NA,NA,NA,NA,NA,59.06,NA
"298","32003001200",2018,1,350,350,1,1,0,0,0,0,0,0,1,0,0,0,0.99,NA,0.82,0.82,0.17,NA,350,0,0,0,0,0,350,0,0,0,350,NA,NA,NA,NA,NA,350,NA,NA,NA
"299","32003001402",2018,1,50,50,1,1,0,0,0,0,0,0,0,0,0,0,0,NA,0,0,0,NA,50,0,0,0,0,0,0,0,0,0,50,NA,NA,NA,NA,NA,NA,NA,NA,NA
"300","32003002947",2018,1,1000,1000,1,1,0,0,0,0,0,0,1,0,0,0,0.75,NA,0.82,0.82,-0.07,NA,1000,0,0,0,0,0,1000,0,0,0,1000,NA,NA,NA,NA,NA,1000,NA,NA,NA
"301","32003002975",2018,1,2500,2500,0,0,1,1,0,0,0,0,1,0,0,0,-0.18,NA,0.97,0.97,-1.15,NA,0,2500,0,0,0,0,2500,0,0,0,NA,2500,NA,NA,NA,NA,2500,NA,NA,NA
"302","32003003204",2018,13,2600,200,1,13,0,0,0,0,0,0,0,0,1,0,-0.5,0,0,0,0,0,2600,0,0,0,0,0,0,0,2600,0,200,NA,NA,NA,NA,NA,NA,NA,200,NA
"303","32003003223",2018,13,1300,100,1,13,0,0,0,0,0,0,0,0,1,0,-0.4,0,0,0,0,0,1300,0,0,0,0,0,0,0,1300,0,100,NA,NA,NA,NA,NA,NA,NA,100,NA
"304","32003003310",2018,13,260,20,1,13,0,0,13,0,0,0,0,0,1,0,0,0,0,0,0,0,260,0,0,260,0,0,0,0,260,0,20,NA,NA,20,NA,NA,NA,NA,20,NA
"305","32003003316",2018,1,100,100,1,1,0,0,0,0,0,0,1,0,0,0,0.93,NA,0.89,0.89,0.04,NA,100,0,0,0,0,0,100,0,0,0,100,NA,NA,NA,NA,NA,100,NA,NA,NA
"306","32003004921",2018,6,75.09,12.515,1,6,0,0,0,0,0,1,0,0,1,0,0,0,-0.615,-0.615,0,0,75.09,0,0,0,0,75.09,0,0,75.09,0,12.515,NA,NA,NA,NA,12.515,NA,NA,12.515,NA
"307","32003005102",2018,13,325,25,1,13,0,0,0,0,0,0,0,0,1,0,0,0,0,0,0,0,325,0,0,0,0,0,0,0,325,0,25,NA,NA,NA,NA,NA,NA,NA,25,NA
"308","32003005422",2018,2,11,5.5,1,2,0,0,0,0,0,1,0,0,0.5,0,-1.87,0,-0.86,-0.86,-0.0750000000000001,0.106066017177982,11,0,0,0,0,11,0,0,1,0,5.5,NA,NA,NA,NA,5.5,NA,NA,1,NA
"309","32003005847",2018,8,309,38.625,1,8,0,0,0,0,0,0.25,0,0,1,0,-1.58,0,-1.425,-1.425,-0.155,0.120356612970432,309,0,0,0,0,9,0,0,309,0,38.625,NA,NA,NA,NA,4.5,NA,NA,38.625,NA
"310","32003006700",2018,1,2700,2700,1,1,0,0,1,0,0,1,0,0,1,0,-0.95,NA,-0.86,-0.86,-0.09,NA,2700,0,0,2700,0,2700,0,0,2700,0,2700,NA,NA,2700,NA,2700,NA,NA,2700,NA
"311","32005002400",2018,2,22,11,1,2,0,0,0,0,0,1,0,0,1,0,0,0,-0.615,-0.615,0,0,22,0,0,0,0,22,0,0,22,0,11,NA,NA,NA,NA,11,NA,NA,11,NA
"312","32031001105",2018,5,15,3,1,5,0,0,0,0,0,0.2,0,0,1,0,-1.58,0,-1.39,-1.39,-0.19,0.0894427190999916,15,0,0,0,0,3,0,0,15,0,3,NA,NA,NA,NA,3,NA,NA,3,NA
"313","32031003309",2018,1,2500,2500,1,1,0,0,0,0,0,0,0,0,1,0,1.13,NA,0,0,0,NA,2500,0,0,0,0,0,0,0,2500,0,2500,NA,NA,NA,NA,NA,NA,NA,2500,NA
"314","32031003511",2018,4,7,1.75,1,4,0,0,0,0,0,0.75,0,0,0.75,0,-1.2975,0.865,-1.3825,-1.3825,-0.285,0.25475478405714,7,0,0,0,0,3,0,0,3,0,1.75,NA,NA,NA,NA,1,NA,NA,1,NA
"315","33001965200",2018,3,2000,666.666666666667,1,3,0,0,0,0,0,1,0,0,0.333333333333333,0,-0.05,0,-1.34,-1.34,1.29,0.103923048454133,2000,0,0,0,0,2000,0,0,2000,0,666.666666666667,NA,NA,NA,NA,666.666666666667,NA,NA,2000,NA
"316","33001966000",2018,1,10,10,1,1,0,0,0,0,0,1,0,0,1,0,-1.59,NA,-1.23,-1.23,-0.36,NA,10,0,0,0,0,10,0,0,10,0,10,NA,NA,NA,NA,10,NA,NA,10,NA
"317","33005970500",2018,1,3,3,1,1,0,0,0,0,0,0,0,0,1,0,0,NA,-1.49,-1.49,0,NA,3,0,0,0,0,0,0,0,3,0,3,NA,NA,NA,NA,NA,NA,NA,3,NA
"318","33005970800",2018,1,5,5,1,1,0,0,0,0,0,1,0,0,1,0,-1.34,NA,-1.21,-1.21,-0.13,NA,5,0,0,0,0,5,0,0,5,0,5,NA,NA,NA,NA,5,NA,NA,5,NA
"319","33005971500",2018,1,25,25,1,1,0,0,0,0,0,1,0,0,1,0,-1.45,NA,-1.48,-1.48,0.03,NA,25,0,0,0,0,25,0,0,25,0,25,NA,NA,NA,NA,25,NA,NA,25,NA
"320","33011001000",2018,4,16,4,1,4,0,0,0,0,0,0.75,0,0,0.75,0,-1.29,0,-1.25,-1.25,-0.0400000000000001,0.162480768092719,16,0,0,0,0,13,0,0,11,0,4,NA,NA,NA,NA,4.33333333333333,NA,NA,3.66666666666667,NA
"321","33011002600",2018,2,55,27.5,1,2,0,0,0,0,0,1,0,0,1,0,-1.38,0,-0.605,-0.605,-0.085,0.120208152801713,55,0,0,0,0,55,0,0,55,0,27.5,NA,NA,NA,NA,27.5,NA,NA,27.5,NA
"322","33011025500",2018,2,110,55,1,2,0,0,0,0,0,1,0,0,0.5,0,-1.71,0,-0.86,-0.86,0.005,0.00707106781186548,110,0,0,0,0,110,0,0,10,0,55,NA,NA,NA,NA,55,NA,NA,10,NA
"323","33015051000",2018,2,110,55,1,2,0,0,2,0,0,0.5,0,0,0.5,0,-1.45,0,-0.785,-0.785,0.0600000000000001,0.0848528137423858,110,0,0,110,0,10,0,0,10,0,55,NA,NA,55,NA,10,NA,NA,10,NA
"324","34013016600",2018,1,25,25,1,1,0,0,0,0,0,0,0,0,0,0,-1.51,NA,-1.32,-1.32,-0.19,NA,25,0,0,0,0,0,0,0,0,0,25,NA,NA,NA,NA,NA,NA,NA,NA,NA
"325","34021004201",2018,2,500,250,1,2,0,0,0,0,0,0,0,0,1,0,1.57,0,1.52,1.52,0.05,0,500,0,0,0,0,0,0,0,500,0,250,NA,NA,NA,NA,NA,NA,NA,250,NA
"326","34023008601",2018,3,30,10,1,3,0,0,0,0,0,0.333333333333333,0,0,0.333333333333333,0,0,0,-0.39,-0.39,0,0,30,0,0,0,0,5,0,0,5,0,10,NA,NA,NA,NA,5,NA,NA,5,NA
"327","34025802200",2018,2,15.4,7.7,1,2,0,0,0,0,0,1,0,0,0.5,0,-1.97,0,-0.82,-0.82,-0.165,0.233345237791561,15.4,0,0,0,0,15.4,0,0,1.4,0,7.7,NA,NA,NA,NA,7.7,NA,NA,1.4,NA
"328","34029735104",2018,1,5,5,1,1,0,0,0,0,0,0,1,0,0,0,1.53,NA,0,0,0,NA,5,0,0,0,0,0,5,0,0,0,5,NA,NA,NA,NA,NA,5,NA,NA,NA
"329","34035052700",2018,4,10400,2600,1,4,0,0,0,0,0,0,0.5,0,0,0.5,1.08,0,0.93,0.93,0.15,0.04618802153517,10400,0,0,0,0,0,5000,0,0,5000,2600,NA,NA,NA,NA,NA,2500,NA,NA,2500
"330","34039038400",2018,11,75.5,6.86363636363636,1,11,0,0,0,0,0,0.727272727272727,0,0,1,0,-1.41,0,-0.703636363636364,-0.703636363636364,-0.0654545454545454,0.0780209762004599,75.5,0,0,0,0,30.5,0,0,75.5,0,6.86363636363636,NA,NA,NA,NA,3.8125,NA,NA,6.86363636363636,NA
"331","35001000121",2018,1,5,5,1,1,0,0,1,0,0,0,0,0,1,0,-1.3,NA,0,0,0,NA,5,0,0,5,0,0,0,0,5,0,5,NA,NA,5,NA,NA,NA,NA,5,NA
"332","35001000208",2018,2,50,25,1,2,0,0,0,0,0,1,0,0,0,0,-1.33,0,-1.23,-1.23,-0.1,0,50,0,0,0,0,50,0,0,0,0,25,NA,NA,NA,NA,25,NA,NA,NA,NA
"333","35001000502",2018,1,250,250,1,1,0,0,0,0,0,0,0,0,0,0,-1.32,NA,-1.21,-1.21,-0.11,NA,250,0,0,0,0,0,0,0,0,0,250,NA,NA,NA,NA,NA,NA,NA,NA,NA
"334","35001004501",2018,4,22,5.5,1,4,0,0,0,0,0,1,0,0,0.5,0,-1.64,0,-0.755,-0.755,-0.0649999999999999,0.0750555349946513,22,0,0,0,0,22,0,0,2,0,5.5,NA,NA,NA,NA,5.5,NA,NA,1,NA
"335","35013001500",2018,1,30,30,1,1,0,0,0,0,0,0,0,0,0,0,-1.74,NA,-1.81,-1.81,0.0700000000000001,NA,30,0,0,0,0,0,0,0,0,0,30,NA,NA,NA,NA,NA,NA,NA,NA,NA
"336","35041000402",2018,2,110,55,1,2,0,0,0,0,0,0.5,0,0,0.5,0,-1.61,0,-0.795,-0.795,-0.01,0.014142135623731,110,0,0,0,0,10,0,0,10,0,55,NA,NA,NA,NA,10,NA,NA,10,NA
"337","35055952600",2018,1,500,500,1,1,0,0,0,0,0,0,0,0,0,0,-1.02,NA,-0.93,-0.93,-0.09,NA,500,0,0,0,0,0,0,0,0,0,500,NA,NA,NA,NA,NA,NA,NA,NA,NA
"338","36047000301",2018,1,500,500,1,1,0,0,0,0,0,1,0,0,1,0,-0.95,NA,-0.86,-0.86,-0.09,NA,500,0,0,0,0,500,0,0,500,0,500,NA,NA,NA,NA,500,NA,NA,500,NA
"339","36047004100",2018,4,165,41.25,1,4,0,0,0,0,0,0.75,0,0,0.75,0,-1.14,0,-0.705,-0.705,0.135,0.214242852856286,165,0,0,0,0,65,0,0,65,0,41.25,NA,NA,NA,NA,21.6666666666667,NA,NA,21.6666666666667,NA
"340","36047015900",2018,1,25,25,1,1,0,0,0,0,0,1,0,0,0,0,-1.6,NA,-1.51,-1.51,-0.0900000000000001,NA,25,0,0,0,0,25,0,0,0,0,25,NA,NA,NA,NA,25,NA,NA,NA,NA
"341","36047018100",2018,2,50,25,1,2,0,0,0,0,0,1,0,0,0,0,-1.38,0,-0.97,-0.97,-0.41,0,50,0,0,0,0,50,0,0,0,0,25,NA,NA,NA,NA,25,NA,NA,NA,NA
"342","36047040500",2018,19,49.5,2.60526315789474,1,19,0,0,0,0,0,0.947368421052632,0,0,0.947368421052632,0,-1.36,0,-0.642631578947368,-0.642631578947368,-0.0731578947368422,0.115087050704091,49.5,0,0,0,0,44.5,0,0,46.5,0,2.60526315789474,NA,NA,NA,NA,2.47222222222222,NA,NA,2.58333333333333,NA
"343","36047051300",2018,1,15,15,1,1,0,0,0,0,0,0,0,0,0,0,-1.5,NA,-1.59,-1.59,0.0900000000000001,NA,15,0,0,0,0,0,0,0,0,0,15,NA,NA,NA,NA,NA,NA,NA,NA,NA
"344","36047062800",2018,3,23,7.66666666666667,1,3,0,0,0,0,0,0.333333333333333,0,0,0.666666666666667,0,-0.966666666666667,0.837157890324957,-0.506666666666667,-0.506666666666667,0.0233333333333334,0.0404145188432738,23,0,0,0,0,3,0,0,8,0,7.66666666666667,NA,NA,NA,NA,3,NA,NA,4,NA
"345","36047113000",2018,1,25,25,1,1,0,0,0,0,0,0,0,0,1,0,0,NA,-1.61,-1.61,0,NA,25,0,0,0,0,0,0,0,25,0,25,NA,NA,NA,NA,NA,NA,NA,25,NA
"346","36059413400",2018,14,192.5,13.75,1,14,0,0,0,0,0,1,0,0,1,0,0,0,-0.615,-0.615,0,0,192.5,0,0,0,0,192.5,0,0,192.5,0,13.75,NA,NA,NA,NA,13.75,NA,NA,13.75,NA
"347","36059416600",2018,1,200,200,1,1,0,0,0,0,0,0,0,0,0,0,-1.23,NA,-1.03,-1.03,-0.2,NA,200,0,0,0,0,0,0,0,0,0,200,NA,NA,NA,NA,NA,NA,NA,NA,NA
"348","36061003300",2018,2,30,15,1,2,0,0,0,0,0,0.5,0,0,0.5,0,-1.21,0,-0.555,-0.555,-0.0499999999999999,0.0707106781186547,30,0,0,0,0,5,0,0,5,0,15,NA,NA,NA,NA,5,NA,NA,5,NA
"349","36061003400",2018,1,250,250,1,1,0,0,1,0,0,0,0,0,0,0,-1.62,NA,-1.49,-1.49,-0.13,NA,250,0,0,250,0,0,0,0,0,0,250,NA,NA,250,NA,NA,NA,NA,NA,NA
"350","36061004100",2018,4,220,55,1,4,0,0,0,0,0,0.25,0,0,0,0,-1.56,0,-1.6025,-1.6025,0.0425,0.0249999999999999,220,0,0,0,0,100,0,0,0,0,55,NA,NA,NA,NA,100,NA,NA,NA,NA
"351","36061004900",2018,8,70,8.75,1,8,0,0,0,0,0,0.5,0,0,1,0,-1.33,0,-1.375,-1.375,0.0449999999999999,0.155011520309206,70,0,0,0,0,40,0,0,70,0,8.75,NA,NA,NA,NA,10,NA,NA,8.75,NA
"352","36061006900",2018,6,327,54.5,1,6,0,0,0,0,0,0.833333333333333,0,0,0.5,0,-1.34,0,-1.37833333333333,-1.37833333333333,0.0383333333333333,0.176682389237486,327,0,0,0,0,227,0,0,150,0,54.5,NA,NA,NA,NA,45.4,NA,NA,50,NA
"353","36061009600",2018,8,350,43.75,1,8,0,0,0,0,0,1,0,0,1,1,-1.27,0,-1.17,-1.17,-0.1,0,350,0,0,0,0,350,0,0,350,350,43.75,NA,NA,NA,NA,43.75,NA,NA,43.75,43.75
"354","36061009900",2018,6,165,27.5,1,6,0,0,0,0,0,0.5,0,0,0.5,0,-1.4,0,-0.8,-0.8,0.1,0.110090871556183,165,0,0,0,0,15,0,0,15,0,27.5,NA,NA,NA,NA,5,NA,NA,5,NA
"355","36061012200",2018,1,150,150,1,1,0,0,0,0,0,0,0,0,1,0,0,NA,0,0,0,NA,150,0,0,0,0,0,0,0,150,0,150,NA,NA,NA,NA,NA,NA,NA,150,NA
"356","36061012800",2018,1,100,100,1,1,0,0,0,0,0,0,0,0,0,0,-1.43,NA,-0.97,-0.97,-0.46,NA,100,0,0,0,0,0,0,0,0,0,100,NA,NA,NA,NA,NA,NA,NA,NA,NA
"357","36061014500",2018,1,15,15,1,1,0,0,0,0,0,0,0,0,0,0,0,NA,0,0,0,NA,15,0,0,0,0,0,0,0,0,0,15,NA,NA,NA,NA,NA,NA,NA,NA,NA
"358","36061015500",2018,3,60,20,1,3,0,0,0,0,0,0.666666666666667,0,0,0,0,-0.933333333333333,0.808290376865476,-0.896666666666667,-0.896666666666667,-0.0366666666666666,0.100166528008778,60,0,0,0,0,35,0,0,0,0,20,NA,NA,NA,NA,17.5,NA,NA,NA,NA
"359","36061015801",2018,1,4,4,1,1,0,0,0,0,0,0,0,0,1,0,-1.49,NA,-0.88,-0.88,-0.61,NA,4,0,0,0,0,0,0,0,4,0,4,NA,NA,NA,NA,NA,NA,NA,4,NA
"360","36061016900",2018,2,40,20,1,2,0,0,0,0,0,0.5,0,0,1,0,-1.58,0,-1.38,-1.38,-0.2,0.212132034355964,40,0,0,0,0,15,0,0,40,0,20,NA,NA,NA,NA,15,NA,NA,20,NA
"361","36061022102",2018,1,30,30,1,1,0,0,0,0,0,0,0,0,0,0,-1.18,NA,-1.08,-1.08,-0.0999999999999999,NA,30,0,0,0,0,0,0,0,0,0,30,NA,NA,NA,NA,NA,NA,NA,NA,NA
"362","36061029900",2018,1,5,5,1,1,0,0,0,0,0,1,0,0,1,0,-1.49,NA,-1.23,-1.23,-0.26,NA,5,0,0,0,0,5,0,0,5,0,5,NA,NA,NA,NA,5,NA,NA,5,NA
"363","36093032403",2018,1,11,11,1,1,0,0,0,0,0,0,0,0,1,0,0,NA,0,0,0,NA,11,0,0,0,0,0,0,0,11,0,11,NA,NA,NA,NA,NA,NA,NA,11,NA
"364","36093032902",2018,2,11,5.5,1,2,0,0,0,0,0,0.5,0,0,1,0,0,0,0.05,0.05,0,0,11,0,0,0,0,1,0,0,11,0,5.5,NA,NA,NA,NA,1,NA,NA,5.5,NA
"365","36103145804",2018,5,49,9.8,1,5,0,0,0,0,0,0.6,0,0,0.8,0,-1.52,0,-0.536,-0.536,-0.376,0.70755211822169,49,0,0,0,0,19,0,0,39,0,9.8,NA,NA,NA,NA,6.33333333333333,NA,NA,9.75,NA
"366","36103158320",2018,1,25,25,1,1,0,0,0,0,0,0,0,0,0,0,0,NA,0,0,0,NA,25,0,0,0,0,0,0,0,0,0,25,NA,NA,NA,NA,NA,NA,NA,NA,NA
"367","36103170001",2018,3,145,48.3333333333333,1,3,0,0,0,0,0,0.333333333333333,0,0,0.666666666666667,0,-1.52,0,-0.98,-0.98,-0.0333333333333333,0.123423390543824,145,0,0,0,0,10,0,0,110,0,48.3333333333333,NA,NA,NA,NA,10,NA,NA,55,NA
"368","36109000800",2018,9,98,10.8888888888889,1,9,0,0,0,0,0,0.777777777777778,0,0,0.777777777777778,0,-1.51,0,-1.42444444444444,-1.42444444444444,-0.0855555555555556,0.160398808529795,98,0,0,0,0,88,0,0,72,0,10.8888888888889,NA,NA,NA,NA,12.5714285714286,NA,NA,10.2857142857143,NA
"369","36109001300",2018,3,182.5,60.8333333333333,1,3,0,0,0,0,0,0.666666666666667,0,0,0.333333333333333,0,-1.5,0,-0.48,-0.48,-0.02,0.0346410161513776,182.5,0,0,0,0,82.5,0,0,7.5,0,60.8333333333333,NA,NA,NA,NA,41.25,NA,NA,7.5,NA
"370","36111955000",2018,4,6.8,1.7,0,0,0,0,0,0,0,0,0,0,1,0,-1.4,0,-1.28,-1.28,-0.12,0,0,0,0,0,0,0,0,0,6.8,0,NA,NA,NA,NA,NA,NA,NA,NA,1.7,NA
"371","36119000300",2018,7,328,46.8571428571429,1,7,0,0,7,0,0,1,0,0,1,0,-1.34,0,-1.23,-1.23,-0.11,0,328,0,0,328,0,328,0,0,328,0,46.8571428571429,NA,NA,46.8571428571429,NA,46.8571428571429,NA,NA,46.8571428571429,NA
"372","37019020403",2018,2,30,15,1,2,0,0,0,0,0,1,0,0,1,0,-1.73,0,-1.23,-1.23,-0.5,0,30,0,0,0,0,30,0,0,30,0,15,NA,NA,NA,NA,15,NA,NA,15,NA
"373","37021001100",2018,5,750,150,1,5,0,0,0,0,0,0,0,0,1,0,-1.65,0,0,0,0,0,750,0,0,0,0,0,0,0,750,0,150,NA,NA,NA,NA,NA,NA,NA,150,NA
"374","37021001900",2018,3,21,7,1,3,0,0,3,0,0,1,0,0,1,0,-1.43,0,-0.82,-0.82,-0.133333333333333,0.115470053837925,21,0,0,21,0,21,0,0,21,0,7,NA,NA,7,NA,7,NA,NA,7,NA
"375","37021002402",2018,1,75,75,1,1,0,0,0,0,0,0,0,0,1,0,1.04,NA,1.52,1.52,-0.48,NA,75,0,0,0,0,0,0,0,75,0,75,NA,NA,NA,NA,NA,NA,NA,75,NA
"376","37051001400",2018,1,65,65,1,1,0,0,0,0,0,0,0,0,0,0,-0.82,NA,-0.74,-0.74,-0.08,NA,65,0,0,0,0,0,0,0,0,0,65,NA,NA,NA,NA,NA,NA,NA,NA,NA
"377","37063002016",2018,1,25,25,1,1,0,0,0,0,0,1,0,0,1,0,0,NA,-1.17,-1.17,0,NA,25,0,0,0,0,25,0,0,25,0,25,NA,NA,NA,NA,25,NA,NA,25,NA
"378","37081016600",2018,3,485.02,161.673333333333,1,3,0,0,3,0,0,0,0,0,1,0,0.83,0,-0.41,-0.41,1.24,0,485.02,0,0,485.02,0,0,0,0,485.02,0,161.673333333333,NA,NA,161.673333333333,NA,NA,NA,NA,161.673333333333,NA
"379","37099950400",2018,2,15,7.5,1,2,0,0,0,0,0,1,0,0,1,0,-1.73,0,-1.48,-1.48,-0.25,0,15,0,0,0,0,15,0,0,15,0,7.5,NA,NA,NA,NA,7.5,NA,NA,7.5,NA
"380","37119002904",2018,2,260,130,1,2,0,0,0,0,0,0.5,0,0,0.5,0,-1.25,0,-0.575,-0.575,-0.05,0.0707106781186548,260,0,0,0,0,10,0,0,10,0,130,NA,NA,NA,NA,10,NA,NA,10,NA
"381","37119005908",2018,1,1000,1000,1,1,0,0,0,0,0,0,0,0,0,0,-0.63,NA,-0.56,-0.56,-0.07,NA,1000,0,0,0,0,0,0,0,0,0,1000,NA,NA,NA,NA,NA,NA,NA,NA,NA
"382","37135010802",2018,10,80,8,1,10,0,0,0,0,0,0,0,0,1,0,-1.28,0,-1.49,-1.49,0.21,0,80,0,0,0,0,0,0,0,80,0,8,NA,NA,NA,NA,NA,NA,NA,8,NA
"383","37153970800",2018,1,50,50,1,1,0,0,0,0,0,1,0,0,1,0,-1.32,NA,-1.17,-1.17,-0.15,NA,50,0,0,0,0,50,0,0,50,0,50,NA,NA,NA,NA,50,NA,NA,50,NA
"384","38015011002",2018,3,-300,-100,1,3,0,0,3,0,0,0,0,0,1,0,0,0,1.52,1.52,0,0,-300,0,0,-300,0,0,0,0,-300,0,-100,NA,NA,-100,NA,NA,NA,NA,-100,NA
"385","39017010906",2018,4,51,12.75,1,4,0,0,4,0,0,0.75,0,0,0.25,0,-1.57,0,-1.0825,-1.0825,-0.095,0.156098259652908,51,0,0,51,0,46,0,0,1,0,12.75,NA,NA,12.75,NA,15.3333333333333,NA,NA,1,NA
"386","39035141400",2018,2,40,20,1,2,0,0,0,0,0,0.5,0,0,0.5,0,-1.59,0,-1.38,-1.38,-0.21,0.29698484809835,40,0,0,0,0,20,0,0,20,0,20,NA,NA,NA,NA,20,NA,NA,20,NA
"387","39057280300",2018,2,12,6,1,2,0,0,0,0,0,1,0,0,0.5,0,-1.87,0,-0.86,-0.86,-0.0750000000000001,0.106066017177982,12,0,0,0,0,12,0,0,2,0,6,NA,NA,NA,NA,6,NA,NA,2,NA
"388","40005587700",2018,1,25,25,1,1,0,0,0,0,0,0,0,0,1,0,-1.47,NA,-1.55,-1.55,0.0800000000000001,NA,25,0,0,0,0,0,0,0,25,0,25,NA,NA,NA,NA,NA,NA,NA,25,NA
"389","40023967100",2018,2,10,5,1,2,0,0,2,0,0,1,0,0,0,0,-1.57,0,-1.44,-1.44,-0.13,0,10,0,0,10,0,10,0,0,0,0,5,NA,NA,5,NA,5,NA,NA,NA,NA
"390","40027201509",2018,1,2700,2700,1,1,0,0,0,0,0,1,0,0,0,0,-1.4,NA,-1.58,-1.58,0.18,NA,2700,0,0,0,0,2700,0,0,0,0,2700,NA,NA,NA,NA,2700,NA,NA,NA,NA
"391","40037020704",2018,80,6174.07,77.175875,1,80,0,0,5,5,0,0.6,0.0125,0,0.875,0,-0.933125,0.772099871794651,-0.91775,-0.91775,-0.05225,0.23638080733416,6174.07,0,77.23,77.23,0,5419.83,264.74,0,5973.07,0,77.175875,NA,15.446,15.446,NA,112.913125,264.74,NA,85.3295714285714,NA
"392","40041375700",2018,2,1.2,0.6,1,2,0,0,0,0,0,1,0,0,1,0,0,0,-0.615,-0.615,0,0,1.2,0,0,0,0,1.2,0,0,1.2,0,0.6,NA,NA,NA,NA,0.6,NA,NA,0.6,NA
"393","41001950400",2018,2,4,2,1,2,0,0,0,0,0,1,0,0,1,0,0,0,-1.23,-1.23,0,0,4,0,0,0,0,4,0,0,4,0,2,NA,NA,NA,NA,2,NA,NA,2,NA
"394","41005020200",2018,9,63,7,1,9,0,0,0,0,0,0.666666666666667,0,0,0.666666666666667,0,-1.73,0,-1.08555555555556,-1.08555555555556,-0.26,0.208566536146142,63,0,0,0,0,28,0,0,28,0,7,NA,NA,NA,NA,4.66666666666667,NA,NA,4.66666666666667,NA
"395","41005020504",2018,1,500,500,1,1,0,0,0,0,0,1,0,0,0,0,-1.38,NA,-1.4,-1.4,0.02,NA,500,0,0,0,0,500,0,0,0,0,500,NA,NA,NA,NA,500,NA,NA,NA,NA
"396","41005021900",2018,2,6,3,1,2,0,0,0,0,0,1,0,0,1,0,0,0,-1.23,-1.23,0,0,6,0,0,0,0,6,0,0,6,0,3,NA,NA,NA,NA,3,NA,NA,3,NA
"397","41007950600",2018,1,15,15,1,1,0,0,0,0,0,1,0,0,1,0,0,NA,-1.23,-1.23,0,NA,15,0,0,0,0,15,0,0,15,0,15,NA,NA,NA,NA,15,NA,NA,15,NA
"398","41011001100",2018,1,25,25,1,1,0,0,0,0,0,1,0,0,1,0,-1.48,NA,-1.23,-1.23,-0.25,NA,25,0,0,0,0,25,0,0,25,0,25,NA,NA,NA,NA,25,NA,NA,25,NA
"399","41015950301",2018,3,37.5,12.5,1,3,0,0,0,0,0,1,0,0,1,0,-1.59,0,-0.8,-0.8,-0.26,0.227156333832011,37.5,0,0,0,0,37.5,0,0,37.5,0,12.5,NA,NA,NA,NA,12.5,NA,NA,12.5,NA
"400","41029001400",2018,1,10,10,1,1,0,0,0,0,0,1,0,0,0,0,-1.64,NA,-1.51,-1.51,-0.13,NA,10,0,0,0,0,10,0,0,0,0,10,NA,NA,NA,NA,10,NA,NA,NA,NA
"401","41029001500",2018,1,10,10,1,1,0,0,0,0,0,0,0,0,0,0,-2.16,NA,-2,-2,-0.16,NA,10,0,0,0,0,0,0,0,0,0,10,NA,NA,NA,NA,NA,NA,NA,NA,NA
"402","41029001800",2018,1,15,15,1,1,0,0,0,0,0,1,0,0,1,0,-1.47,NA,-1.23,-1.23,-0.24,NA,15,0,0,0,0,15,0,0,15,0,15,NA,NA,NA,NA,15,NA,NA,15,NA
"403","41029002200",2018,3,26,8.66666666666667,1,3,0,0,0,3,0,1,0,0,0.333333333333333,0,-1.55,0,-0.826666666666667,-0.826666666666667,-0.206666666666667,0.181475434517549,26,0,26,0,0,26,0,0,1,0,8.66666666666667,NA,8.66666666666667,NA,NA,8.66666666666667,NA,NA,1,NA
"404","41033360600",2018,7,7,1,1,7,0,0,0,0,0,1,0,0,1,0,-1.66,0,-1.23,-1.23,-0.43,0,7,0,0,0,0,7,0,0,7,0,1,NA,NA,NA,NA,1,NA,NA,1,NA
"405","41037960200",2018,23,23.96,1.04173913043478,1,23,0,0,0,0,0,1,0,0,1,0,-1.54,0,0,0,0,0,23.96,0,0,0,0,23.96,0,0,23.96,0,1.04173913043478,NA,NA,NA,NA,1.04173913043478,NA,NA,1.04173913043478,NA
"406","41039001002",2018,2,8,4,1,2,0,0,2,0,0,0,0,0,0,0,-1.64,0,-1.59,-1.59,-0.0499999999999998,0,8,0,0,8,0,0,0,0,0,0,4,NA,NA,4,NA,NA,NA,NA,NA,NA
"407","41039003000",2018,5,36,7.2,1,5,0,0,0,0,0,1,0,0,1,0,-1.42,0,-1.23,-1.23,-0.19,0,36,0,0,0,0,36,0,0,36,0,7.2,NA,NA,NA,NA,7.2,NA,NA,7.2,NA
"408","41039003600",2018,1,50,50,1,1,0,0,0,0,0,0,0,0,1,0,-1.47,NA,-1.35,-1.35,-0.12,NA,50,0,0,0,0,0,0,0,50,0,50,NA,NA,NA,NA,NA,NA,NA,50,NA
"409","41039004200",2018,2,3.6,1.8,1,2,0,0,0,0,0,1,0,0,0.5,0,-1.64,0,-0.755,-0.755,-0.0649999999999999,0.0919238815542511,3.6,0,0,0,0,3.6,0,0,0.6,0,1.8,NA,NA,NA,NA,1.8,NA,NA,0.6,NA
"410","41039004403",2018,3,30,10,1,3,0,0,0,0,0,1,0,0,0.666666666666667,0,-1.57,0,-1.26,-1.26,-0.31,0.127671453348037,30,0,0,0,0,30,0,0,20,0,10,NA,NA,NA,NA,10,NA,NA,10,NA
"411","41041950800",2018,2,50,25,1,2,0,0,0,0,0,0,1,0,0,0,1.53,0,0,0,0,0,50,0,0,0,0,0,50,0,0,0,25,NA,NA,NA,NA,NA,25,NA,NA,NA
"412","41041951600",2018,5,7704,1540.8,1,5,0,0,0,0,0,0.6,0.2,0,0.8,0,0.448,0.614914628220861,-0.514,-0.514,0.012,0.0268328157299974,7704,0,0,0,0,4,2700,0,5004,0,1540.8,NA,NA,NA,NA,1.33333333333333,2700,NA,1251,NA
"413","41043020801",2018,2,26,13,1,2,0,0,0,0,0,1,0,0,1,0,0,0,-0.575,-0.575,0,0,26,0,0,0,0,26,0,0,26,0,13,NA,NA,NA,NA,13,NA,NA,13,NA
"414","41051000100",2018,1,25,25,1,1,0,0,0,0,0,0,0,0,0,0,-0.9,NA,0,0,0,NA,25,0,0,0,0,0,0,0,0,0,25,NA,NA,NA,NA,NA,NA,NA,NA,NA
"415","41051000702",2018,2,30,15,1,2,0,0,0,0,0,0.5,0,0,0.5,0,-1.51,0,-1.495,-1.495,-0.015,0.318198051533946,30,0,0,0,0,5,0,0,25,0,15,NA,NA,NA,NA,5,NA,NA,25,NA
"416","41051001900",2018,5,41,8.2,1,5,0,0,0,0,0,0.4,0,0,0.4,0,-1.47,0,-1.188,-1.188,0.0120000000000001,0.181989010657237,41,0,0,0,0,6,0,0,6,0,8.2,NA,NA,NA,NA,3,NA,NA,3,NA
"417","41051003602",2018,4,55,13.75,1,4,0,0,0,0,0,0.75,0,0,0.5,0,-1.42,0,-1.125,-1.125,0.0600000000000001,0.0605530070819499,55,0,0,0,0,45,0,0,35,0,13.75,NA,NA,NA,NA,15,NA,NA,17.5,NA
"418","41051006001",2018,2,27.5,13.75,1,2,0,0,0,0,0,1,0,0,0.5,0,-1.06,0,-0.335,-0.335,-0.195,0.275771644662754,27.5,0,0,0,0,27.5,0,0,2.5,0,13.75,NA,NA,NA,NA,13.75,NA,NA,2.5,NA
"419","41051010402",2018,2,150,75,1,2,0,0,0,0,0,0.5,0,0,1,0,-1.36,0,-1.29,-1.29,-0.0700000000000001,0.0848528137423858,150,0,0,0,0,100,0,0,150,0,75,NA,NA,NA,NA,100,NA,NA,75,NA
"420","41053020500",2018,1,250,250,1,1,0,0,0,0,0,0,0,0,1,0,0,NA,0,0,0,NA,250,0,0,0,0,0,0,0,250,0,250,NA,NA,NA,NA,NA,NA,NA,250,NA
"421","41065970300",2018,2,11,5.5,1,2,0,0,0,0,0,1,0,0,0.5,0,-1.45,0,-0.665,-0.665,-0.0599999999999999,0.0848528137423856,11,0,0,0,0,11,0,0,1,0,5.5,NA,NA,NA,NA,5.5,NA,NA,1,NA
"422","41067031200",2018,1,20.18,20.18,1,1,0,0,0,0,0,0,0,0,0,0,0,NA,0,0,0,NA,20.18,0,0,0,0,0,0,0,0,0,20.18,NA,NA,NA,NA,NA,NA,NA,NA,NA
"423","41067031507",2018,4,19,4.75,1,4,0,0,0,0,0,1,0,0,1,0,0,0,-1.23,-1.23,0,0,19,0,0,0,0,19,0,0,19,0,4.75,NA,NA,NA,NA,4.75,NA,NA,4.75,NA
"424","42029304406",2018,1,25,25,1,1,0,0,0,0,0,1,0,0,0,0,-1.41,NA,-0.84,-0.84,-0.57,NA,25,0,0,0,0,25,0,0,0,0,25,NA,NA,NA,NA,25,NA,NA,NA,NA
"425","42029304502",2018,2,18,9,1,2,0,0,2,0,0,1,0,0,0.5,0,-1.59,0,-1.37,-1.37,-0.22,0.197989898732233,18,0,0,18,0,18,0,0,3,0,9,NA,NA,9,NA,9,NA,NA,3,NA
"426","42029311300",2018,3,52.5,17.5,1,3,0,0,0,0,0,0.666666666666667,0,0,1,0,0,0,-0.536666666666667,-0.536666666666667,0,0,52.5,0,0,0,0,27.5,0,0,52.5,0,17.5,NA,NA,NA,NA,13.75,NA,NA,17.5,NA
"427","42041011602",2018,1,1000,1000,1,1,0,0,1,0,0,1,0,0,0,0,-1.64,NA,-1.51,-1.51,-0.13,NA,1000,0,0,1000,0,1000,0,0,0,0,1000,NA,NA,1000,NA,1000,NA,NA,NA,NA
"428","42045410400",2018,7,175,25,1,7,0,0,0,0,0,1,0,0,1,0,-1.47,0,-1.15,-1.15,-0.32,0,175,0,0,0,0,175,0,0,175,0,25,NA,NA,NA,NA,25,NA,NA,25,NA
"429","42077001900",2018,1,500,500,1,1,0,0,0,0,0,0,1,0,0,0,1.23,NA,1.13,1.13,0.1,NA,500,0,0,0,0,0,500,0,0,0,500,NA,NA,NA,NA,NA,500,NA,NA,NA
"430","42081011302",2018,1,0.5,0.5,1,1,0,0,0,0,0,1,0,0,1,0,0,NA,0,0,0,NA,0.5,0,0,0,0,0.5,0,0,0.5,0,0.5,NA,NA,NA,NA,0.5,NA,NA,0.5,NA
"431","42101016100",2018,1,20,20,1,1,0,0,0,0,0,1,0,0,1,0,-1.65,NA,-1.15,-1.15,-0.5,NA,20,0,0,0,0,20,0,0,20,0,20,NA,NA,NA,NA,20,NA,NA,20,NA
"432","42101980900",2018,1,132,132,1,1,0,0,0,0,0,0,0,0,1,0,0.06,NA,0,0,0,NA,132,0,0,0,0,0,0,0,132,0,132,NA,NA,NA,NA,NA,NA,NA,132,NA
"433","42125774700",2018,1,25,25,1,1,0,0,1,0,0,1,0,0,0,0,-1.05,NA,-0.96,-0.96,-0.0900000000000001,NA,25,0,0,25,0,25,0,0,0,0,25,NA,NA,25,NA,25,NA,NA,NA,NA
"434","42129804100",2018,1,250,250,1,1,0,0,0,0,0,0,1,0,0,0,1.25,NA,1.3,1.3,-0.05,NA,250,0,0,0,0,0,250,0,0,0,250,NA,NA,NA,NA,NA,250,NA,NA,NA
"435","44005041300",2018,1,15,15,1,1,0,0,0,0,0,0,0,0,1,0,-1.86,NA,-1.72,-1.72,-0.14,NA,15,0,0,0,0,0,0,0,15,0,15,NA,NA,NA,NA,NA,NA,NA,15,NA
"436","44007010101",2018,1,10,10,1,1,0,0,0,0,0,1,0,0,1,0,-1.8,NA,-1.17,-1.17,-0.63,NA,10,0,0,0,0,10,0,0,10,0,10,NA,NA,NA,NA,10,NA,NA,10,NA
"437","44007016100",2018,2,16.5,8.25,1,2,0,0,0,0,0,1,0,0,1,0,-1.87,0,-0.615,-0.615,-0.32,0.452548339959391,16.5,0,0,0,0,16.5,0,0,16.5,0,8.25,NA,NA,NA,NA,8.25,NA,NA,8.25,NA
"438","45019005300",2018,10,75,7.5,1,10,0,0,0,0,0,0.8,0,0,0.1,0,-1.63,0,-1.172,-1.172,-0.132,0.132060592153753,75,0,0,0,0,45,0,0,10,0,7.5,NA,NA,NA,NA,5.625,NA,NA,10,NA
"439","45047970600",2018,2,1.13,0.565,1,2,0,0,0,0,0,0.5,0,0,0.5,0,-1.73,0,-0.795,-0.795,-0.07,0.0989949493661166,1.13,0,0,0,0,0.12,0,0,0.12,0,0.565,NA,NA,NA,NA,0.12,NA,NA,0.12,NA
"440","45067950100",2018,6,9.9,1.65,1,6,0,0,0,0,0,1,0,0,0.5,0,-1.36,0,-0.625,-0.625,-0.055,0.0602494813255683,9.9,0,0,0,0,9.9,0,0,0.9,0,1.65,NA,NA,NA,NA,1.65,NA,NA,0.3,NA
"441","45079011603",2018,3,6801.13,2267.04333333333,0,0,0,0,0,0,0,1,0,0,0,0,-1.54,0,-1.25,-1.25,-0.29,0,0,0,0,0,0,6801.13,0,0,0,0,NA,NA,NA,NA,NA,2267.04333333333,NA,NA,NA,NA
"442","45085001701",2018,1,2700,2700,1,1,0,0,1,0,0,0,1,0,1,0,0.66,NA,0.58,0.58,0.0800000000000001,NA,2700,0,0,2700,0,0,2700,0,2700,0,2700,NA,NA,2700,NA,NA,2700,NA,2700,NA
"443","47037016000",2018,3,46,15.3333333333333,1,3,0,0,0,0,0,1,0,0,1,0,-1.53,0,-0.88,-0.88,-0.14,0.150996688705415,46,0,0,0,0,46,0,0,46,0,15.3333333333333,NA,NA,NA,NA,15.3333333333333,NA,NA,15.3333333333333,NA
"444","47037018405",2018,3,200,66.6666666666667,1,3,0,0,0,0,0,0.333333333333333,0,0,0,0,-1.4,0,-1.25,-1.25,-0.15,0,200,0,0,0,0,100,0,0,0,0,66.6666666666667,NA,NA,NA,NA,100,NA,NA,NA,NA
"445","47037018500",2018,5,425,85,1,5,0,0,0,0,0,0.2,0,0,1,0,-1.48,0,-1.334,-1.334,-0.146,0.0581377674149946,425,0,0,0,0,25,0,0,425,0,85,NA,NA,NA,NA,25,NA,NA,85,NA
"446","47157021112",2018,3,30,10,1,3,0,0,0,0,0,1,0,0,1,0,0,0,-1.23,-1.23,0,0,30,0,0,0,0,30,0,0,30,0,10,NA,NA,NA,NA,10,NA,NA,10,NA
"447","47157022112",2018,9,900,100,1,9,0,0,0,0,0,0,0,0,1,0,0,0,0,0,0,0,900,0,0,0,0,0,0,0,900,0,100,NA,NA,NA,NA,NA,NA,NA,100,NA
"448","48029130500",2018,1,1000,1000,1,1,0,0,0,0,0,0,1,0,0,0,0.37,NA,0.8,0.8,-0.43,NA,1000,0,0,0,0,0,1000,0,0,0,1000,NA,NA,NA,NA,NA,1000,NA,NA,NA
"449","48029190200",2018,1,2500,2500,0,0,0,0,0,0,0,0,1,0,0,0,0.78,NA,1.08,1.08,-0.3,NA,0,0,0,0,0,0,2500,0,0,0,NA,NA,NA,NA,NA,NA,2500,NA,NA,NA
"450","48085031630",2018,1,25,25,1,1,0,0,0,0,0,0,0,0,0,0,-1.46,NA,0,0,0,NA,25,0,0,0,0,0,0,0,0,0,25,NA,NA,NA,NA,NA,NA,NA,NA,NA
"451","48113013720",2018,2,26,13,1,2,0,0,0,0,0,1,0,0,0.5,0,-1.67,0,-0.745,-0.745,-0.09,0.127279220613579,26,0,0,0,0,26,0,0,1,0,13,NA,NA,NA,NA,13,NA,NA,1,NA
"452","48121021515",2018,2,16.5,8.25,1,2,0,0,0,0,0,1,0,0,1,0,0,0,-0.615,-0.615,0,0,16.5,0,0,0,0,16.5,0,0,16.5,0,8.25,NA,NA,NA,NA,8.25,NA,NA,8.25,NA
"453","48121021750",2018,24,540,22.5,1,24,0,0,0,0,0,1,0,0,1,0,-1.42,0,-1.23,-1.23,-0.19,0,540,0,0,0,0,540,0,0,540,0,22.5,NA,NA,NA,NA,22.5,NA,NA,22.5,NA
"454","48145000300",2018,1,100,100,1,1,0,0,0,0,0,0,1,0,0,0,1.32,NA,1.17,1.17,0.15,NA,100,0,0,0,0,0,100,0,0,0,100,NA,NA,NA,NA,NA,100,NA,NA,NA
"455","48181000303",2018,2,11,5.5,1,2,0,0,0,0,0,1,0,0,0.5,0,-1.45,0,-0.665,-0.665,-0.0599999999999999,0.0848528137423856,11,0,0,0,0,11,0,0,1,0,5.5,NA,NA,NA,NA,5.5,NA,NA,1,NA
"456","48181000901",2018,2,10,5,1,2,0,0,0,0,0,1,0,0,1,0,0,0,-1.23,-1.23,0,0,10,0,0,0,0,10,0,0,10,0,5,NA,NA,NA,NA,5,NA,NA,5,NA
"457","48181001803",2018,1,25,25,1,1,0,0,0,0,0,1,0,0,0,0,-1.31,NA,-1.2,-1.2,-0.11,NA,25,0,0,0,0,25,0,0,0,0,25,NA,NA,NA,NA,25,NA,NA,NA,NA
"458","48201222502",2018,1,1000,1000,1,1,0,0,0,0,0,0,1,0,0,0,1.22,NA,1.17,1.17,0.05,NA,1000,0,0,0,0,0,1000,0,0,0,1000,NA,NA,NA,NA,NA,1000,NA,NA,NA
"459","48201343301",2018,1,10,10,1,1,0,0,0,0,0,0,0,0,0,0,-1.09,NA,-1.28,-1.28,0.19,NA,10,0,0,0,0,0,0,0,0,0,10,NA,NA,NA,NA,NA,NA,NA,NA,NA
"460","48373210101",2018,5,160.5,32.1,1,5,0,0,0,0,0,0.8,0,0,0.8,0,-1.73,0,-0.318,-0.318,-0.028,0.0626099033699941,160.5,0,0,0,0,120.5,0,0,120.5,0,32.1,NA,NA,NA,NA,30.125,NA,NA,30.125,NA
"461","48439102401",2018,6,98.6,16.4333333333333,1,6,0,0,6,0,0,1,0,0,0.333333333333333,0,-0.9,0,-1.135,-1.135,0.385,0.250738908029847,98.6,0,0,98.6,0,98.6,0,0,12.6,0,16.4333333333333,NA,NA,16.4333333333333,NA,16.4333333333333,NA,NA,6.3,NA
"462","48439113114",2018,2,6,3,1,2,0,0,0,0,0,1,0,0,1,0,0,0,-1.23,-1.23,0,0,6,0,0,0,0,6,0,0,6,0,3,NA,NA,NA,NA,3,NA,NA,3,NA
"463","48453000401",2018,7,43,6.14285714285714,1,7,0,0,0,0,0,1,0,0,0.714285714285714,0,-1.57,0,-1.35285714285714,-1.35285714285714,-0.217142857142857,0.116721075748168,43,0,0,0,0,43,0,0,40,0,6.14285714285714,NA,NA,NA,NA,6.14285714285714,NA,NA,8,NA
"464","48453001851",2018,2,34,17,1,2,0,0,0,0,0,0,0,0,1,0,0,0,-1.45,-1.45,0,0,34,0,0,0,0,0,0,0,34,0,17,NA,NA,NA,NA,NA,NA,NA,17,NA
"465","48453002106",2018,4,27.5,6.875,1,4,0,0,0,0,0,0,0,0,0.5,0,-1.61,0,-1.555,-1.555,-0.055,0.0404145188432738,27.5,0,0,0,0,0,0,0,20,0,6.875,NA,NA,NA,NA,NA,NA,NA,10,NA
"466","48453002207",2018,8,40,5,1,8,0,0,0,0,0,1,0,0,1,0,0,0,-1.15,-1.15,0,0,40,0,0,0,0,40,0,0,40,0,5,NA,NA,NA,NA,5,NA,NA,5,NA
"467","48483950100",2018,2,7,3.5,1,2,0,0,0,0,0,1,0,0,0.5,0,-1.87,0,-0.86,-0.86,-0.0750000000000001,0.106066017177982,7,0,0,0,0,7,0,0,2,0,3.5,NA,NA,NA,NA,3.5,NA,NA,2,NA
"468","49015976300",2018,3,15.5,5.16666666666667,1,3,0,0,0,0,0,0.666666666666667,0,0,0.666666666666667,0,-1.56,0,-1.02,-1.02,-0.02,0.062449979983984,15.5,0,0,0,0,10.5,0,0,10.5,0,5.16666666666667,NA,NA,NA,NA,5.25,NA,NA,5.25,NA
"469","49035100308",2018,5,40,8,1,5,0,0,0,0,0,1,0,0,0,0,-1.65,0,-1.62,-1.62,-0.0299999999999998,0,40,0,0,0,0,40,0,0,0,0,8,NA,NA,NA,NA,8,NA,NA,NA,NA
"470","49035100500",2018,43,265,6.16279069767442,1,43,0,0,0,0,0,0.720930232558139,0,0,0.674418604651163,0,-1.65,0,-1.17813953488372,-1.17813953488372,-0.471860465116279,0.369196397688879,265,0,0,0,0,169,0,0,132,0,6.16279069767442,NA,NA,NA,NA,5.45161290322581,NA,NA,4.55172413793103,NA
"471","49035102702",2018,1,1000,1000,1,1,0,0,0,0,0,1,0,0,0,0,-1.27,NA,-1.3,-1.3,0.03,NA,1000,0,0,0,0,1000,0,0,0,0,1000,NA,NA,NA,NA,1000,NA,NA,NA,NA
"472","49035112612",2018,1,25,25,1,1,0,0,0,0,0,1,0,0,0,0,-1.47,NA,-1.26,-1.26,-0.21,NA,25,0,0,0,0,25,0,0,0,0,25,NA,NA,NA,NA,25,NA,NA,NA,NA
"473","49035113014",2018,5,238,47.6,1,5,0,0,0,0,0,1,0,0,1,0,0,0,-1.23,-1.23,0,0,238,0,0,0,0,238,0,0,238,0,47.6,NA,NA,NA,NA,47.6,NA,NA,47.6,NA
"474","49035980000",2018,2,55,27.5,1,2,0,0,0,0,0,1,0,0,0.5,0,-1.54,0,-0.72,-0.72,-0.05,0.0707106781186548,55,0,0,0,0,55,0,0,5,0,27.5,NA,NA,NA,NA,27.5,NA,NA,5,NA
"475","49037978200",2018,2,6,3,1,2,0,0,0,0,0,0,0,0,1,0,0,0,-1.52,-1.52,0,0,6,0,0,0,0,0,0,0,6,0,3,NA,NA,NA,NA,NA,NA,NA,3,NA
"476","49043964305",2018,3,300,100,1,3,0,0,0,0,0,0,0,0,0,0,-1.73,0,-1.59,-1.59,-0.14,0,300,0,0,0,0,0,0,0,0,0,100,NA,NA,NA,NA,NA,NA,NA,NA,NA
"477","49049001105",2018,14,143.3,10.2357142857143,1,14,0,0,14,0,0,0.785714285714286,0,0,0.785714285714286,0,-0.92,0,-1.11142857142857,-1.11142857142857,0.322857142857143,0.231829797362321,143.3,0,0,143.3,0,101.8,0,0,101.8,0,10.2357142857143,NA,NA,10.2357142857143,NA,9.25454545454545,NA,NA,9.25454545454545,NA
"478","49051960400",2018,1,5,5,1,1,0,0,0,0,0,1,0,0,1,0,-1.87,NA,-1.48,-1.48,-0.39,NA,5,0,0,0,0,5,0,0,5,0,5,NA,NA,NA,NA,5,NA,NA,5,NA
"479","50001960200",2018,2,5,2.5,1,2,0,0,0,0,0,0.5,0,0,0.5,0,-1.87,0,-0.585,-0.585,-0.35,0.494974746830583,5,0,0,0,0,2.5,0,0,2.5,0,2.5,NA,NA,NA,NA,2.5,NA,NA,2.5,NA
"480","50005957400",2018,4,20,5,1,4,0,0,0,0,0,0,0,0,0,0,-1.74,0,-1.59,-1.59,-0.15,0,20,0,0,0,0,0,0,0,0,0,5,NA,NA,NA,NA,NA,NA,NA,NA,NA
"481","50007002101",2018,2,20,10,1,2,0,0,0,0,0,1,0,0,1,0,-1.8,0,0,0,0,0,20,0,0,0,0,20,0,0,20,0,10,NA,NA,NA,NA,10,NA,NA,10,NA
"482","50007002400",2018,4,44,11,1,4,0,0,0,0,0,1,0,0,1,0,-1.43,0,-0.615,-0.615,-0.1,0.115470053837925,44,0,0,0,0,44,0,0,44,0,11,NA,NA,NA,NA,11,NA,NA,11,NA
"483","50007002800",2018,8,200,25,1,8,0,0,0,0,0,1,0,0,1,0,-1.36,0,-1.00625,-1.00625,-0.18375,0.0742462120245876,200,0,0,0,0,200,0,0,200,0,25,NA,NA,NA,NA,25,NA,NA,25,NA
"484","50007003502",2018,16,155,9.6875,1,16,0,0,0,0,0,0.9375,0,0,1,0,0,0,-1.245625,-1.245625,0,0,155,0,0,0,0,150,0,0,155,0,9.6875,NA,NA,NA,NA,10,NA,NA,9.6875,NA
"485","50011010100",2018,13,76.5,5.88461538461539,1,13,0,0,0,0,0,1,0,0,0.846153846153846,0,-1.18230769230769,0.675069796961196,-1.07846153846154,-1.07846153846154,-0.17,0.131275791116768,76.5,0,0,0,0,76.5,0,0,61.5,0,5.88461538461539,NA,NA,NA,NA,5.88461538461539,NA,NA,5.59090909090909,NA
"486","50011010300",2018,3,55,18.3333333333333,1,3,0,0,0,0,0,1,0,0,0.666666666666667,0,-1.09333333333333,0.946854441470986,-0.913333333333333,-0.913333333333333,-0.0433333333333333,0.0750555349946513,55,0,0,0,0,55,0,0,40,0,18.3333333333333,NA,NA,NA,NA,18.3333333333333,NA,NA,20,NA
"487","50011010400",2018,1,25,25,1,1,0,0,1,0,0,1,0,0,1,0,-1.37,NA,-1.48,-1.48,0.11,NA,25,0,0,25,0,25,0,0,25,0,25,NA,NA,25,NA,25,NA,NA,25,NA
"488","50017959102",2018,1,15,15,1,1,0,0,0,0,0,0,0,0,1,0,-1.51,NA,-1.49,-1.49,-0.02,NA,15,0,0,0,0,0,0,0,15,0,15,NA,NA,NA,NA,NA,NA,NA,15,NA
"489","50019951700",2018,110,206,1.87272727272727,1,110,0,0,0,0,0,0.754545454545455,0,0,0.936363636363636,0,-1.49,0,-0.662909090909091,-0.662909090909091,-0.055,0.128218205637424,206,0,0,0,0,97,0,0,171,0,1.87272727272727,NA,NA,NA,NA,1.16867469879518,NA,NA,1.66019417475728,NA
"490","50021962200",2018,8,40,5,1,8,0,0,0,0,0,0,0,0,0.125,0,-1.55,0,-1.5775,-1.5775,0.0275,0.0353553390593274,40,0,0,0,0,0,0,0,5,0,5,NA,NA,NA,NA,NA,NA,NA,5,NA
"491","50023954100",2018,1,25,25,1,1,0,0,0,0,0,1,0,0,1,0,-1.3,NA,-1.23,-1.23,-0.0700000000000001,NA,25,0,0,0,0,25,0,0,25,0,25,NA,NA,NA,NA,25,NA,NA,25,NA
"492","50023954300",2018,2,5,2.5,1,2,0,0,0,0,0,1,0,0,1,0,-1.57,0,-1.23,-1.23,-0.34,0,5,0,0,0,0,5,0,0,5,0,2.5,NA,NA,NA,NA,2.5,NA,NA,2.5,NA
"493","51013100100",2018,2,110,55,1,2,0,0,0,0,0,1,0,0,0.5,0,-1.49,0,-0.7,-0.7,-0.045,0.0636396103067893,110,0,0,0,0,110,0,0,10,0,55,NA,NA,NA,NA,55,NA,NA,10,NA
"494","51013100200",2018,1,250,250,1,1,0,0,0,0,0,1,0,0,0,0,-0.57,NA,-0.88,-0.88,0.31,NA,250,0,0,0,0,250,0,0,0,0,250,NA,NA,NA,NA,250,NA,NA,NA,NA
"495","51013100300",2018,2,48.4,24.2,1,2,0,0,0,0,0,1,0,0,0.5,0,-1.26,0,-0.745,-0.745,0.115,0.162634559672906,48.4,0,0,0,0,48.4,0,0,4.4,0,24.2,NA,NA,NA,NA,24.2,NA,NA,4.4,NA
"496","51013101603",2018,4,250,62.5,1,4,0,0,0,0,0,1,0,0,0.25,0,-1.3675,0.205,-1.205,-1.205,-0.1625,0.0250000000000001,250,0,0,0,0,250,0,0,100,0,62.5,NA,NA,NA,NA,62.5,NA,NA,100,NA
"497","51059440501",2018,3,20,6.66666666666667,1,3,0,0,0,0,0,0.666666666666667,0,0,0,0,-1.59,0,-1.00666666666667,-1.00666666666667,-0.0533333333333334,0.0461880215351701,20,0,0,0,0,15,0,0,0,0,6.66666666666667,NA,NA,NA,NA,7.5,NA,NA,NA,NA
"498","51059440600",2018,3,40,13.3333333333333,1,3,0,0,3,0,0,0.333333333333333,0,0,1,0,0,0,-0.996666666666667,-0.996666666666667,0,0,40,0,0,40,0,2.5,0,0,40,0,13.3333333333333,NA,NA,13.3333333333333,NA,2.5,NA,NA,13.3333333333333,NA
"499","51059450400",2018,1,251,251,1,1,0,0,0,0,0,1,0,0,0,0,-0.95,NA,-0.51,-0.51,-0.44,NA,251,0,0,0,0,251,0,0,0,0,251,NA,NA,NA,NA,251,NA,NA,NA,NA
"500","51059461202",2018,1,1000,1000,0,0,0,0,0,0,0,1,0,0,0,0,0.34,NA,-0.51,-0.51,0.85,NA,0,0,0,0,0,1000,0,0,0,0,NA,NA,NA,NA,NA,1000,NA,NA,NA,NA
"501","51059471304",2018,1,1000,1000,1,1,0,0,0,0,0,0,1,0,0,0,0,NA,0.85,0.85,-0.85,NA,1000,0,0,0,0,0,1000,0,0,0,1000,NA,NA,NA,NA,NA,1000,NA,NA,NA
"502","51099040300",2018,3,42,14,1,3,0,0,0,0,0,1,0,0,0.333333333333333,0,-0.82,0,-0.5,-0.5,-0.0466666666666666,0.0404145188432738,42,0,0,0,0,42,0,0,24,0,14,NA,NA,NA,NA,14,NA,NA,24,NA
"503","51121020600",2018,2,27.5,13.75,1,2,0,0,0,0,0,1,0,0,0.5,0,-1.58,0,-0.73,-0.73,-0.0600000000000001,0.0848528137423858,27.5,0,0,0,0,27.5,0,0,2.5,0,13.75,NA,NA,NA,NA,13.75,NA,NA,2.5,NA
"504","51153900802",2018,7,145.22,20.7457142857143,0,0,0,0,0,0,0,0,0,0,1,0,-1.3,0,-1.31428571428571,-1.31428571428571,0.0142857142857143,0.0427617987059879,0,0,0,0,0,0,0,0,145.22,0,NA,NA,NA,NA,NA,NA,NA,NA,20.7457142857143,NA
"505","51153901237",2018,23,678,29.4782608695652,1,23,0,0,0,0,0,0.652173913043478,0,0,0.608695652173913,0,-1.5,0,-1.21695652173913,-1.21695652173913,-0.152608695652174,0.170859256042785,678,0,0,0,0,545.5,0,0,445.5,0,29.4782608695652,NA,NA,NA,NA,36.3666666666667,NA,NA,31.8214285714286,NA
"506","51161030203",2018,2,40.17,20.085,1,2,0,0,0,0,0,0.5,0,0,0,0,-1.4,0,-1.4,-1.4,1.11022302462516e-16,0.268700576850888,40.17,0,0,0,0,20.17,0,0,0,0,20.085,NA,NA,NA,NA,20.17,NA,NA,NA,NA
"507","51510200702",2018,1,2000,2000,0,0,0,0,0,0,0,1,0,0,0,0,-0.42,NA,-1.16,-1.16,0.74,NA,0,0,0,0,0,2000,0,0,0,0,NA,NA,NA,NA,NA,2000,NA,NA,NA,NA
"508","53003960300",2018,2,60,30,1,2,0,0,0,0,0,0,0,0,1,0,-1.39,0,-1.61,-1.61,0.22,0,60,0,0,0,0,0,0,0,60,0,30,NA,NA,NA,NA,NA,NA,NA,30,NA
"509","53005010201",2018,1,1000,1000,1,1,0,0,0,0,0,0,1,0,0,0,0.96,NA,0.75,0.75,0.21,NA,1000,0,0,0,0,0,1000,0,0,0,1000,NA,NA,NA,NA,NA,1000,NA,NA,NA
"510","53009000600",2018,2,50,25,1,2,0,0,0,0,0,1,0,0,1,0,-1.49,0,-1.15,-1.15,-0.34,0,50,0,0,0,0,50,0,0,50,0,25,NA,NA,NA,NA,25,NA,NA,25,NA
"511","53009001900",2018,5,23,4.6,1,5,0,0,0,0,0,0.8,0,0,0.4,0,-1.45,0,-1.572,-1.572,0.122,0.0843800924389159,23,0,0,0,0,19.67,0,0,6.33,0,4.6,NA,NA,NA,NA,4.9175,NA,NA,3.165,NA
"512","53011041003",2018,1,50,50,1,1,0,0,0,0,0,0,0,0,0,0,-0.53,NA,-1.57,-1.57,1.04,NA,50,0,0,0,0,0,0,0,0,0,50,NA,NA,NA,NA,NA,NA,NA,NA,NA
"513","53011041009",2018,1,3,3,1,1,0,0,0,0,0,1,0,0,1,0,0,NA,-1.23,-1.23,0,NA,3,0,0,0,0,3,0,0,3,0,3,NA,NA,NA,NA,3,NA,NA,3,NA
"514","53011041328",2018,1,20,20,1,1,0,0,0,0,0,1,0,0,1,0,-1.66,NA,-1.21,-1.21,-0.45,NA,20,0,0,0,0,20,0,0,20,0,20,NA,NA,NA,NA,20,NA,NA,20,NA
"515","53033006700",2018,2,6,3,1,2,0,0,0,0,0,1,0,0,0.5,0,-1.51,0,-0.635,-0.635,-0.12,0.169705627484771,6,0,0,0,0,6,0,0,1,0,3,NA,NA,NA,NA,3,NA,NA,1,NA
"516","53033007300",2018,8,33,4.125,1,8,0,0,8,0,0,1,0,0,0.5,0,-1.41,0,-0.72,-0.72,0.015,0.0160356745147455,33,0,0,33,0,33,0,0,3,0,4.125,NA,NA,4.125,NA,4.125,NA,NA,0.75,NA
"517","53033010500",2018,2,36.5,18.25,1,2,0,0,0,0,0,1,0,0,1,0,0,0,-0.575,-0.575,0,0,36.5,0,0,0,0,36.5,0,0,36.5,0,18.25,NA,NA,NA,NA,18.25,NA,NA,18.25,NA
"518","53033020600",2018,1,500,500,1,1,0,0,0,1,0,0,0,0,1,0,-1.23,NA,0,0,0,NA,500,0,500,0,0,0,0,0,500,0,500,NA,500,NA,NA,NA,NA,NA,500,NA
"519","53033021700",2018,2,25,12.5,1,2,0,0,0,0,0,1,0,0,1,0.5,-1.5,0,-1.17,-1.17,-0.33,0,25,0,0,0,0,25,0,0,25,10,12.5,NA,NA,NA,NA,12.5,NA,NA,12.5,10
"520","53033023700",2018,3,45,15,1,3,0,0,0,0,0,0,0,0,0,0,-1.73,0,-1.59,-1.59,-0.14,0,45,0,0,0,0,0,0,0,0,0,15,NA,NA,NA,NA,NA,NA,NA,NA,NA
"521","53033026300",2018,2,12,6,1,2,0,0,0,0,0,1,0,0,1,0,0,0,-0.575,-0.575,0,0,12,0,0,0,0,12,0,0,12,0,6,NA,NA,NA,NA,6,NA,NA,6,NA
"522","53037975300",2018,2,340,170,1,2,0,0,0,0,0,0,0,0,1,0,1.07,0,0.97,0.97,0.1,0,340,0,0,0,0,0,0,0,340,0,170,NA,NA,NA,NA,NA,NA,NA,170,NA
"523","53041970200",2018,3,12,4,1,3,0,0,0,0,0,1,0,0,1,0,-1.57,0,-1.23,-1.23,-0.34,0,12,0,0,0,0,12,0,0,12,0,4,NA,NA,NA,NA,4,NA,NA,4,NA
"524","53047970600",2018,10,109,10.9,1,10,0,0,0,0,0,0.5,0,0,0.8,0,-1.5,0,-1.365,-1.365,-0.135,0.151675823899379,109,0,0,0,0,66.5,0,0,94,0,10.9,NA,NA,NA,NA,13.3,NA,NA,11.75,NA
"525","53053061601",2018,1,1.5,1.5,1,1,0,0,0,0,0,1,0,0,1,0,-1.5,NA,0,0,0,NA,1.5,0,0,0,0,1.5,0,0,1.5,0,1.5,NA,NA,NA,NA,1.5,NA,NA,1.5,NA
"526","53053070205",2018,18,175,9.72222222222222,1,18,0,0,0,18,0,0,0,0,1,0,0,0,0,0,0,0,175,0,175,0,0,0,0,0,175,0,9.72222222222222,NA,9.72222222222222,NA,NA,NA,NA,NA,9.72222222222222,NA
"527","53053072903",2018,7,35,5,1,7,0,0,0,0,0,1,0,0,0,0,-1.25,0,-1.21,-1.21,-0.04,0,35,0,0,0,0,35,0,0,0,0,5,NA,NA,NA,NA,5,NA,NA,NA,NA
"528","53053073006",2018,26,260,10,1,26,0,0,0,26,0,0,0,0,1,0,0,0,0,0,0,0,260,0,260,0,0,0,0,0,260,0,10,NA,10,NA,NA,NA,NA,NA,10,NA
"529","53055960300",2018,2,15,7.5,1,2,0,0,0,0,0,0.5,0,0,1,0,-1.36,0,-0.67,-0.67,-0.01,0.014142135623731,15,0,0,0,0,5,0,0,15,0,7.5,NA,NA,NA,NA,5,NA,NA,7.5,NA
"530","53063003500",2018,5,370,74,1,5,0,0,0,0,0,1,0,0,0.4,0,-1.402,0.0383405790253615,-1.01,-1.01,-0.12,0.129421791055448,370,0,0,0,0,370,0,0,205,0,74,NA,NA,NA,NA,74,NA,NA,102.5,NA
"531","53063003900",2018,2,500,250,1,2,0,0,0,0,0,0,0,0,0,0,-1.13,0,-1.51,-1.51,0.38,0,500,0,0,0,0,0,0,0,0,0,250,NA,NA,NA,NA,NA,NA,NA,NA,NA
"532","53063011600",2018,4,20,5,1,4,0,0,0,0,0,1,0,0,1,0,0,0,-1.15,-1.15,0,0,20,0,0,0,0,20,0,0,20,0,5,NA,NA,NA,NA,5,NA,NA,5,NA
"533","53063012401",2018,21,1170,55.7142857142857,1,21,0,0,16,1,0,1,0,0,0.476190476190476,0,-1.2752380952381,0.636550226200722,-0.712380952380952,-0.712380952380952,-0.114285714285714,0.143999007933091,1170,0,10,1060,0,1170,0,0,460,0,55.7142857142857,NA,10,66.25,NA,55.7142857142857,NA,NA,46,NA
"534","53063013201",2018,1,240,240,1,1,0,0,1,0,0,0,0,0,1,0,0,NA,0,0,0,NA,240,0,0,240,0,0,0,0,240,0,240,NA,NA,240,NA,NA,NA,NA,240,NA
"535","53063013600",2018,2,30,15,1,2,0,0,2,0,0,0,0,0,1,0,-1.39,0,-1.505,-1.505,0.115,0.0212132034355964,30,0,0,30,0,0,0,0,30,0,15,NA,NA,15,NA,NA,NA,NA,15,NA
"536","53067010700",2018,1,10,10,1,1,0,0,0,0,0,1,0,0,0,0,-1.47,NA,-1.27,-1.27,-0.2,NA,10,0,0,0,0,10,0,0,0,0,10,NA,NA,NA,NA,10,NA,NA,NA,NA
"537","53067011300",2018,2,9,4.5,1,2,0,0,0,0,0,0.5,0,0,0.5,0,-1.63,0,-0.795,-0.795,-0.0199999999999999,0.0282842712474618,9,0,0,0,0,4,0,0,4,0,4.5,NA,NA,NA,NA,4,NA,NA,4,NA
"538","53073000100",2018,3,30,10,1,3,0,0,0,0,0,0,0,0,1,0,0,0,-1.96,-1.96,0,0,30,0,0,0,0,0,0,0,30,0,10,NA,NA,NA,NA,NA,NA,NA,10,NA
"539","55063010401",2018,4,56,14,1,4,0,0,0,0,0,1,0,0,1,0,-1.18,0,-1.23,-1.23,0.05,0,56,0,0,0,0,56,0,0,56,0,14,NA,NA,NA,NA,14,NA,NA,14,NA
"540","55079080200",2018,16,202,12.625,1,16,0,0,0,0,0,0.9375,0,0,0.75,0,-1.64,0,-1.174375,-1.174375,-0.363125,0.157383554837643,202,0,0,0,0,192,0,0,167,0,12.625,NA,NA,NA,NA,12.8,NA,NA,13.9166666666667,NA
"541","55137960100",2018,1,25,25,1,1,0,0,0,0,0,1,0,0,0,0,-1.38,NA,-1.51,-1.51,0.13,NA,25,0,0,0,0,25,0,0,0,0,25,NA,NA,NA,NA,25,NA,NA,NA,NA
"542","55139003100",2018,3,75,25,1,3,0,0,0,0,0,1,0,0,1,1,-1.27,0,-1.17,-1.17,-0.1,0,75,0,0,0,0,75,0,0,75,75,25,NA,NA,NA,NA,25,NA,NA,25,25
"543","56015957800",2018,1,15,15,1,1,0,0,0,0,0,1,0,0,0,0,-1.4,NA,-1.14,-1.14,-0.26,NA,15,0,0,0,0,15,0,0,0,0,15,NA,NA,NA,NA,15,NA,NA,NA,NA
"544","56019955100",2018,16,132,8.25,1,16,0,0,0,0,0,0.5,0,0,0.5,0,-1.68,0,0,0,0,0,132,0,0,0,0,12,0,0,12,0,8.25,NA,NA,NA,NA,1.5,NA,NA,1.5,NA
"545","56025001800",2018,1,28,28,1,1,0,0,0,0,0,0,1,0,0,0,1.53,NA,0,0,0,NA,28,0,0,0,0,0,28,0,0,0,28,NA,NA,NA,NA,NA,28,NA,NA,NA
