"","censustract","yr","count","aTot","aMean","pIndv","nIndv","nCorp","pCorp","nIndvTech","nIndvBigTech","nCorpBigTech","pDemRec","pRepRec","pIndRec","pComRec","pGen","meanContCF","rangeContCF","meanCandCF","rangeCandCF","meanCFDiff","rangeCFDiff","aIndv","aCorp","aIndvBigTech","aIndvTech","aCorpTech","aDemRec","aRepRec","aIndRec","aComRec","aGen","mIndv","mCorp","mIndvBigTech","mIndvTech","mCorpTech","mDemRec","mRepRec","mIndRec","mComRec","mGen"
"1","0",1992,594,1000477.64,1684.30579124579,0.725589225589226,431,135,0.227272727272727,11,1,2,0.306397306397306,0.358585858585859,0.0168350168350168,0.318181818181818,0.264309764309764,0.212828282828283,0.838715037908733,0.181868686868687,0.181868686868687,0.0429461279461279,0.377671806890886,252458.5,240154.14,250,5775,10000,593374,118050,2698,287331.5,86929.14,585.750580046404,1778.91955555556,250,525,5000,3260.2967032967,554.225352112676,269.8,1520.27248677249,553.688789808917
"2","01097006407",1992,1,1000,1000,1,1,0,0,0,0,0,0,1,0,0,0,0.82,NA,0.8,0.8,0.0199999999999999,NA,1000,0,0,0,0,0,1000,0,0,0,1000,NA,NA,NA,NA,NA,1000,NA,NA,NA
"3","02122000400",1992,1,251,251,1,1,0,0,0,0,0,0,0,0,1,0,0.91,NA,0,0,0,NA,251,0,0,0,0,0,0,0,251,0,251,NA,NA,NA,NA,NA,NA,NA,251,NA
"4","02122000500",1992,1,250,250,1,1,0,0,0,0,0,0,0,0,1,0,0,NA,0,0,0,NA,250,0,0,0,0,0,0,0,250,0,250,NA,NA,NA,NA,NA,NA,NA,250,NA
"5","02122000700",1992,1,250,250,0,0,0,0,0,0,0,1,0,0,0,1,-0.57,NA,-0.51,-0.51,-0.0599999999999999,NA,0,0,0,0,0,250,0,0,0,250,NA,NA,NA,NA,NA,250,NA,NA,NA,250
"6","04013105602",1992,1,500,500,1,1,0,0,0,0,0,1,0,0,0,0,0.12,NA,-0.86,-0.86,0.98,NA,500,0,0,0,0,500,0,0,0,0,500,NA,NA,NA,NA,500,NA,NA,NA,NA
"7","04013613400",1992,6,7500,1250,1,6,0,0,4,0,0,0.333333333333333,0.333333333333333,0,0.333333333333333,0.5,0.86,0,0.138333333333333,0.138333333333333,0.578333333333333,0.902782735029125,7500,0,0,6500,0,1000,2000,0,4500,2000,1250,NA,NA,1625,NA,500,1000,NA,2250,666.666666666667
"8","04019000100",1992,5,1750,350,1,5,0,0,0,0,0,0.6,0,0.2,0.2,0,-1.33,0,-0.814,-0.814,-0.516,0.222553364387061,1750,0,0,0,0,1000,0,250,500,0,350,NA,NA,NA,NA,333.333333333333,NA,250,500,NA
"9","05007020201",1992,3,7000,2333.33333333333,1,3,0,0,0,0,0,0.666666666666667,0,0,0.333333333333333,0.333333333333333,0.233333333333333,0.508068236886871,-0.75,-0.75,0.983333333333333,0.453468117218105,7000,0,0,0,0,2000,0,0,5000,1000,2333.33333333333,NA,NA,NA,NA,1000,NA,NA,5000,1000
"10","05119004400",1992,1,250,250,1,1,0,0,0,0,0,1,0,0,0,1,-0.37,NA,-0.69,-0.69,0.32,NA,250,0,0,0,0,250,0,0,0,250,250,NA,NA,NA,NA,250,NA,NA,NA,250
"11","08005005636",1992,1,200,200,1,1,0,0,0,0,0,1,0,0,0,0,-0.99,NA,-0.54,-0.54,-0.45,NA,200,0,0,0,0,200,0,0,0,0,200,NA,NA,NA,NA,200,NA,NA,NA,NA
"12","08005006000",1992,6,6750,1125,1,6,0,0,0,0,0,0.166666666666667,0.166666666666667,0,0.666666666666667,0,0.02,0.757073312169964,-0.106666666666667,-0.106666666666667,-0.0266666666666667,0.0417931413830866,6750,0,0,0,0,1000,-1000,0,6750,0,1125,NA,NA,NA,NA,1000,-1000,NA,1687.5,NA
"13","08005006815",1992,3,750,250,0,0,3,1,0,0,0,0.333333333333333,0.666666666666667,0,0,1,0.506666666666667,0.132790561913614,0.37,0.37,0.136666666666667,0.613378621516379,0,750,0,0,0,250,500,0,0,750,NA,250,NA,NA,NA,250,250,NA,NA,250
"14","08005006856",1992,2,1000,500,1,2,0,0,0,0,0,1,0,0,0,0,-0.1,0,-0.68,-0.68,0.58,0,1000,0,0,0,0,1000,0,0,0,0,500,NA,NA,NA,NA,500,NA,NA,NA,NA
"15","08005006857",1992,1,-500,-500,1,1,0,0,0,0,0,0,1,0,0,0,0.14,NA,0.8,0.8,-0.66,NA,-500,0,0,0,0,0,-500,0,0,0,-500,NA,NA,NA,NA,NA,-500,NA,NA,NA
"16","08005006858",1992,1,200,200,0,0,0,0,0,0,0,1,0,0,0,1,-0.67,NA,-0.6,-0.6,-0.0700000000000001,NA,0,0,0,0,0,200,0,0,0,200,NA,NA,NA,NA,NA,200,NA,NA,NA,200
"17","08013060600",1992,2,7000,3500,1,2,0,0,0,0,0,0,0,0,1,0,-1.18,0,-0.87,-0.87,-0.31,0,7000,0,0,0,0,0,0,0,7000,0,3500,NA,NA,NA,NA,NA,NA,NA,3500,NA
"18","08031002702",1992,1,1000,1000,1,1,0,0,0,0,0,1,0,0,0,1,-0.85,NA,-0.54,-0.54,-0.31,NA,1000,0,0,0,0,1000,0,0,0,1000,1000,NA,NA,NA,NA,1000,NA,NA,NA,1000
"19","08031003402",1992,1,1000,1000,1,1,0,0,0,0,0,0,1,0,0,1,1.03,NA,0.73,0.73,0.3,NA,1000,0,0,0,0,0,1000,0,0,1000,1000,NA,NA,NA,NA,NA,1000,NA,NA,1000
"20","08031003902",1992,1,100,100,1,1,0,0,0,0,0,0,1,0,0,0,1.12,NA,1.07,1.07,0.05,NA,100,0,0,0,0,0,100,0,0,0,100,NA,NA,NA,NA,NA,100,NA,NA,NA
"21","08035014108",1992,1,1000,1000,1,1,0,0,0,0,0,0,1,0,0,0,0.82,NA,0.8,0.8,0.0199999999999999,NA,1000,0,0,0,0,0,1000,0,0,0,1000,NA,NA,NA,NA,NA,1000,NA,NA,NA
"22","08035014403",1992,1,500,500,1,1,0,0,0,0,0,1,0,0,0,1,0.1,NA,-0.53,-0.53,0.63,NA,500,0,0,0,0,500,0,0,0,500,500,NA,NA,NA,NA,500,NA,NA,NA,500
"23","08041003701",1992,1,250,250,1,1,0,0,0,0,0,0,0,0,1,0,0,NA,0,0,0,NA,250,0,0,0,0,0,0,0,250,0,250,NA,NA,NA,NA,NA,NA,NA,250,NA
"24","08041004602",1992,19,4750,250,0,0,19,1,0,0,0,0.315789473684211,0.684210526315789,0,0,0.947368421052632,0.11,0,0.548421052631579,0.548421052631579,-0.438421052631579,0.810365234240399,0,4750,0,0,0,1200,3550,0,0,4550,NA,250,NA,NA,NA,200,273.076923076923,NA,NA,252.777777777778
"25","08045952002",1992,1,-1000,-1000,1,1,0,0,0,0,0,1,0,0,0,1,0,NA,-0.91,-0.91,0,NA,-1000,0,0,0,0,-1000,0,0,0,-1000,-1000,NA,NA,NA,NA,-1000,NA,NA,NA,-1000
"26","08067971100",1992,1,300,300,0,0,1,1,0,0,0,1,0,0,0,1,-1.29,NA,-1.18,-1.18,-0.11,NA,0,300,0,0,0,300,0,0,0,300,NA,300,NA,NA,NA,300,NA,NA,NA,300
"27","08075966000",1992,1,250,250,1,1,0,0,0,0,0,0,1,0,0,0,1.1,NA,1.23,1.23,-0.13,NA,250,0,0,0,0,0,250,0,0,0,250,NA,NA,NA,NA,NA,250,NA,NA,NA
"28","08077001501",1992,1,300,300,1,1,0,0,0,0,0,0,1,0,0,1,1.19,NA,1.05,1.05,0.14,NA,300,0,0,0,0,0,300,0,0,300,300,NA,NA,NA,NA,NA,300,NA,NA,300
"29","08097000401",1992,1,250,250,1,1,0,0,0,0,0,1,0,0,0,0,-1.18,NA,-0.94,-0.94,-0.24,NA,250,0,0,0,0,250,0,0,0,0,250,NA,NA,NA,NA,250,NA,NA,NA,NA
"30","08097000500",1992,1,1000,1000,1,1,0,0,0,0,0,0,1,0,0,0,0.82,NA,0.8,0.8,0.0199999999999999,NA,1000,0,0,0,0,0,1000,0,0,0,1000,NA,NA,NA,NA,NA,1000,NA,NA,NA
"31","09001011000",1992,1,1000,1000,1,1,0,0,0,0,0,0,1,0,0,1,0.36,NA,0.8,0.8,-0.44,NA,1000,0,0,0,0,0,1000,0,0,1000,1000,NA,NA,NA,NA,NA,1000,NA,NA,1000
"32","09001011100",1992,2,2000,1000,1,2,0,0,0,0,0,0.5,0.5,0,0,0.5,0.575,0.346482322781408,0.615,0.615,-0.04,0.0848528137423856,2000,0,0,0,0,1000,1000,0,0,1000,1000,NA,NA,NA,NA,1000,1000,NA,NA,1000
"33","09001035100",1992,1,250,250,1,1,0,0,0,0,0,1,0,0,0,0,-1.12,NA,-0.54,-0.54,-0.58,NA,250,0,0,0,0,250,0,0,0,0,250,NA,NA,NA,NA,250,NA,NA,NA,NA
"34","09001044200",1992,1,1000,1000,1,1,0,0,0,0,0,0,1,0,0,1,0.91,NA,0.8,0.8,0.11,NA,1000,0,0,0,0,0,1000,0,0,1000,1000,NA,NA,NA,NA,NA,1000,NA,NA,1000
"35","09001110302",1992,1,250,250,1,1,0,0,0,0,0,0,0,0,1,0,1.27,NA,1.22,1.22,0.05,NA,250,0,0,0,0,0,0,0,250,0,250,NA,NA,NA,NA,NA,NA,NA,250,NA
"36","09003460302",1992,1,252,252,1,1,0,0,0,0,0,0,0,0,1,0,0,NA,0,0,0,NA,252,0,0,0,0,0,0,0,252,0,252,NA,NA,NA,NA,NA,NA,NA,252,NA
"37","10003011500",1992,3,2000,666.666666666667,1,3,0,0,0,0,0,0,1,0,0,0,0.35,0.346410161513775,0.72,0.72,-0.37,0.346410161513775,2000,0,0,0,0,0,2000,0,0,0,666.666666666667,NA,NA,NA,NA,NA,666.666666666667,NA,NA,NA
"38","11001000300",1992,11,2825,256.818181818182,1,11,0,0,0,0,0,0.727272727272727,0.272727272727273,0,0,0.363636363636364,-0.4,0,-0.275454545454545,-0.275454545454545,-0.124545454545455,0.327760999399368,2825,0,0,0,0,3200,-375,0,0,2250,256.818181818182,NA,NA,NA,NA,400,-125,NA,NA,562.5
"39","11001000801",1992,1,1000,1000,1,1,0,0,0,0,0,1,0,0,0,0,-1.02,NA,-0.57,-0.57,-0.45,NA,1000,0,0,0,0,1000,0,0,0,0,1000,NA,NA,NA,NA,1000,NA,NA,NA,NA
"40","11001005600",1992,2,-650,-325,1,2,0,0,0,0,0,0.5,0,0,0.5,0.5,-0.68,0.0141421356237309,-0.275,-0.275,-0.06,0.0848528137423857,-650,0,0,0,0,-1000,0,0,350,-1000,-325,NA,NA,NA,NA,-1000,NA,NA,350,-1000
"41","11001006202",1992,1,1450,1450,1,1,0,0,0,0,0,1,0,0,0,0,-0.95,NA,-0.86,-0.86,-0.09,NA,1450,0,0,0,0,1450,0,0,0,0,1450,NA,NA,NA,NA,1450,NA,NA,NA,NA
"42","11001009400",1992,1,280,280,1,1,0,0,0,0,0,1,0,0,1,0,-0.78,NA,-1.18,-1.18,0.4,NA,280,0,0,0,0,280,0,0,280,0,280,NA,NA,NA,NA,280,NA,NA,280,NA
"43","11001010700",1992,1,400,400,1,1,0,0,0,0,0,0,0,0,1,0,0.64,NA,0,0,0,NA,400,0,0,0,0,0,0,0,400,0,400,NA,NA,NA,NA,NA,NA,NA,400,NA
"44","12011040602",1992,1,-25,-25,1,1,0,0,0,0,0,1,0,0,0,1,0,NA,-0.54,-0.54,0,NA,-25,0,0,0,0,-25,0,0,0,-25,-25,NA,NA,NA,NA,-25,NA,NA,NA,-25
"45","12011050205",1992,1,200,200,1,1,0,0,0,0,0,0,1,0,0,1,0.87,NA,0.21,0.21,0.66,NA,200,0,0,0,0,0,200,0,0,200,200,NA,NA,NA,NA,NA,200,NA,NA,200
"46","12011090200",1992,1,500,500,1,1,0,0,0,0,0,1,0,0,0,1,-0.85,NA,-0.54,-0.54,-0.31,NA,500,0,0,0,0,500,0,0,0,500,500,NA,NA,NA,NA,500,NA,NA,NA,500
"47","12011090404",1992,1,200,200,1,1,0,0,0,0,0,0,0,0,1,0,0,NA,0,0,0,NA,200,0,0,0,0,0,0,0,200,0,200,NA,NA,NA,NA,NA,NA,NA,200,NA
"48","12011090900",1992,2,500,250,1,2,0,0,0,0,0,1,0,0,0,0.5,-0.815,0.360624458405139,-0.52,-0.52,-0.295,0.332340187157677,500,0,0,0,0,500,0,0,0,200,250,NA,NA,NA,NA,250,NA,NA,NA,200
"49","12057013916",1992,1,-1000,-1000,1,1,0,0,0,0,0,0,1,0,0,0,1.1,NA,1.15,1.15,-0.0499999999999998,NA,-1000,0,0,0,0,0,-1000,0,0,0,-1000,NA,NA,NA,NA,NA,-1000,NA,NA,NA
"50","12071080100",1992,1,500,500,1,1,0,0,0,0,0,0,1,0,0,1,-1.21,NA,0.21,0.21,-1.42,NA,500,0,0,0,0,0,500,0,0,500,500,NA,NA,NA,NA,NA,500,NA,NA,500
"51","12086004500",1992,2,2000,1000,1,2,0,0,0,0,0,1,0,0,0,0.5,-0.43,0,-0.39,-0.39,-0.04,0,2000,0,0,0,0,2000,0,0,0,1000,1000,NA,NA,NA,NA,1000,NA,NA,NA,1000
"52","12086007901",1992,1,250,250,1,1,0,0,0,0,0,0,0,0,1,0,-0.72,NA,-0.87,-0.87,0.15,NA,250,0,0,0,0,0,0,0,250,0,250,NA,NA,NA,NA,NA,NA,NA,250,NA
"53","12087972500",1992,1,250,250,1,1,0,0,0,0,0,1,0,0,0,0,-0.71,NA,-0.66,-0.66,-0.0499999999999999,NA,250,0,0,0,0,250,0,0,0,0,250,NA,NA,NA,NA,250,NA,NA,NA,NA
"54","12099003700",1992,1,200,200,1,1,0,0,0,0,0,0,1,0,0,0,0.46,NA,0.46,0.46,0,NA,200,0,0,0,0,0,200,0,0,0,200,NA,NA,NA,NA,NA,200,NA,NA,NA
"55","12099005407",1992,1,1000,1000,1,1,0,0,0,0,0,1,0,0,0,1,-0.44,NA,-0.39,-0.39,-0.05,NA,1000,0,0,0,0,1000,0,0,0,1000,1000,NA,NA,NA,NA,1000,NA,NA,NA,1000
"56","12099006401",1992,1,200,200,1,1,0,0,0,0,0,0,1,0,0,1,0.98,NA,0.94,0.94,0.04,NA,200,0,0,0,0,0,200,0,0,200,200,NA,NA,NA,NA,NA,200,NA,NA,200
"57","12131950601",1992,1,2000,2000,1,1,0,0,0,0,0,1,0,0,0,0,-0.72,NA,-0.66,-0.66,-0.0599999999999999,NA,2000,0,0,0,0,2000,0,0,0,0,2000,NA,NA,NA,NA,2000,NA,NA,NA,NA
"58","13013180203",1992,1,500,500,1,1,0,0,0,0,0,1,0,0,1,0,-1.13,NA,-1.03,-1.03,-0.0999999999999999,NA,500,0,0,0,0,500,0,0,500,0,500,NA,NA,NA,NA,500,NA,NA,500,NA
"59","13059130300",1992,2,-59,-29.5,1,2,0,0,0,0,0,0,1,0,0,0,0,0,1.1,1.1,0,0,-59,0,0,0,0,0,-59,0,0,0,-29.5,NA,NA,NA,NA,NA,-29.5,NA,NA,NA
"60","13067030318",1992,1,500,500,1,1,0,0,0,0,1,1,0,0,0,0,0.26,NA,-0.78,-0.78,1.04,NA,500,0,0,0,500,500,0,0,0,0,500,NA,NA,NA,500,500,NA,NA,NA,NA
"61","13067030901",1992,1,250,250,1,1,0,0,0,0,0,1,0,0,0,0,0.34,NA,-0.57,-0.57,0.91,NA,250,0,0,0,0,250,0,0,0,0,250,NA,NA,NA,NA,250,NA,NA,NA,NA
"62","13089020600",1992,2,6000,3000,1,2,0,0,0,0,0,0.5,0,0,0.5,0,-0.94,0.0424264068711928,-0.995,-0.995,0.055,0.21920310216783,6000,0,0,0,0,1000,0,0,5000,0,3000,NA,NA,NA,NA,1000,NA,NA,5000,NA
"63","13089021602",1992,7,2400,342.857142857143,1,7,0,0,0,0,0,0.857142857142857,0,0,0.142857142857143,0.142857142857143,-1.09428571428571,0.0243975018237132,-0.775714285714286,-0.775714285714286,-0.318571428571429,0.231187411092427,2400,0,0,0,0,1900,0,0,500,200,342.857142857143,NA,NA,NA,NA,316.666666666667,NA,NA,500,200
"64","13121010122",1992,1,500,500,1,1,0,0,0,0,0,1,0,0,0,0,0.25,NA,-0.65,-0.65,0.9,NA,500,0,0,0,0,500,0,0,0,0,500,NA,NA,NA,NA,500,NA,NA,NA,NA
"65","13145120198",1992,1,595,595,1,1,0,0,0,0,0,0,1,0,0,1,0.72,NA,0.94,0.94,-0.22,NA,595,0,0,0,0,0,595,0,0,595,595,NA,NA,NA,NA,NA,595,NA,NA,595
"66","13215002100",1992,1,100,100,0,0,0,0,0,0,0,1,0,0,0,1,0.1,NA,0.18,0.18,-0.08,NA,0,0,0,0,0,100,0,0,0,100,NA,NA,NA,NA,NA,100,NA,NA,NA,100
"67","13285960901",1992,1,1000,1000,1,1,0,0,0,0,0,0,1,0,0,0,1.09,NA,1.04,1.04,0.05,NA,1000,0,0,0,0,0,1000,0,0,0,1000,NA,NA,NA,NA,NA,1000,NA,NA,NA
"68","13285960902",1992,1,225,225,1,1,0,0,0,0,0,1,0,0,0,1,0.07,NA,0.09,0.09,-0.02,NA,225,0,0,0,0,225,0,0,0,225,225,NA,NA,NA,NA,225,NA,NA,NA,225
"69","15003010601",1992,2,2000,1000,1,2,0,0,0,0,0,0,1,0,0,0.5,0.52,0,0.51,0.51,0.01,0,2000,0,0,0,0,0,2000,0,0,1000,1000,NA,NA,NA,NA,NA,1000,NA,NA,1000
"70","16013960500",1992,1,250,250,1,1,0,0,0,0,0,0,0,0,1,0,-0.98,NA,0,0,0,NA,250,0,0,0,0,0,0,0,250,0,250,NA,NA,NA,NA,NA,NA,NA,250,NA
"71","16057005700",1992,1,200,200,1,1,0,0,0,0,0,0,1,0,0,0,1.01,NA,0.97,0.97,0.04,NA,200,0,0,0,0,0,200,0,0,0,200,NA,NA,NA,NA,NA,200,NA,NA,NA
"72","16067970200",1992,1,200,200,1,1,0,0,0,0,0,1,0,0,0,0,-1.29,NA,-1.12,-1.12,-0.17,NA,200,0,0,0,0,200,0,0,0,0,200,NA,NA,NA,NA,200,NA,NA,NA,NA
"73","17031081403",1992,2,1000,500,1,2,0,0,0,0,0,1,0,0,0,0,-0.77,0,-0.71,-0.71,-0.0600000000000001,0,1000,0,0,0,0,1000,0,0,0,0,500,NA,NA,NA,NA,500,NA,NA,NA,NA
"74","17031800700",1992,3,825,275,1,3,0,0,0,0,0,1,0,0,0,0.333333333333333,-1.1,0,-1.02,-1.02,-0.08,0.173205080756888,825,0,0,0,0,825,0,0,0,350,275,NA,NA,NA,NA,275,NA,NA,NA,350
"75","17097865400",1992,1,250,250,1,1,0,0,0,0,0,1,0,0,0,0,-1.22,NA,-1.12,-1.12,-0.0999999999999999,NA,250,0,0,0,0,250,0,0,0,0,250,NA,NA,NA,NA,250,NA,NA,NA,NA
"76","17099962100",1992,1,500,500,1,1,0,0,0,0,0,1,0,0,0,0,-0.86,NA,-0.78,-0.78,-0.08,NA,500,0,0,0,0,500,0,0,0,0,500,NA,NA,NA,NA,500,NA,NA,NA,NA
"77","19125030100",1992,3,6000,2000,1,3,0,0,0,0,0,0,0.333333333333333,0,0.666666666666667,0,-0.01,0,0.07,0.07,-0.0733333333333333,0.127017059221718,6000,0,0,0,0,0,1000,0,5000,0,2000,NA,NA,NA,NA,NA,1000,NA,2500,NA
"78","21195931100",1992,1,1000,1000,1,1,0,0,0,0,0,1,0,0,0,1,-0.48,NA,-0.39,-0.39,-0.09,NA,1000,0,0,0,0,1000,0,0,0,1000,1000,NA,NA,NA,NA,1000,NA,NA,NA,1000
"79","22001960800",1992,1,500,500,1,1,0,0,0,0,0,0,0,0,1,0,0.21,NA,0,0,0,NA,500,0,0,0,0,0,0,0,500,0,500,NA,NA,NA,NA,NA,NA,NA,500,NA
"80","22033004602",1992,1,500,500,1,1,0,0,0,0,0,0,1,0,0,0,1.28,NA,1.23,1.23,0.05,NA,500,0,0,0,0,0,500,0,0,0,500,NA,NA,NA,NA,NA,500,NA,NA,NA
"81","22033005100",1992,1,100,100,1,1,0,0,0,0,0,1,0,0,0,1,-0.04,NA,-1.19,-1.19,1.15,NA,100,0,0,0,0,100,0,0,0,100,100,NA,NA,NA,NA,100,NA,NA,NA,100
"82","22051020514",1992,1,500,500,1,1,0,0,0,0,0,1,0,0,0,0,-0.34,NA,-0.57,-0.57,0.23,NA,500,0,0,0,0,500,0,0,0,0,500,NA,NA,NA,NA,500,NA,NA,NA,NA
"83","22051023902",1992,1,200,200,1,1,0,0,0,0,0,1,0,0,0,0,-0.96,NA,-0.54,-0.54,-0.42,NA,200,0,0,0,0,200,0,0,0,0,200,NA,NA,NA,NA,200,NA,NA,NA,NA
"84","22057020800",1992,1,1000,1000,1,1,0,0,0,0,0,1,0,0,0,0,-0.59,NA,-0.4,-0.4,-0.19,NA,1000,0,0,0,0,1000,0,0,0,0,1000,NA,NA,NA,NA,1000,NA,NA,NA,NA
"85","22071010200",1992,1,500,500,1,1,0,0,0,0,0,1,0,0,0,0,-0.64,NA,-0.57,-0.57,-0.0700000000000001,NA,500,0,0,0,0,500,0,0,0,0,500,NA,NA,NA,NA,500,NA,NA,NA,NA
"86","22071012700",1992,1,250,250,1,1,0,0,0,0,0,0,1,0,0,1,1.09,NA,1.05,1.05,0.04,NA,250,0,0,0,0,0,250,0,0,250,250,NA,NA,NA,NA,NA,250,NA,NA,250
"87","22103041211",1992,3,850,283.333333333333,1,3,0,0,0,0,0,0,0,0,1,0,0,0,0,0,0,0,850,0,0,0,0,0,0,0,850,0,283.333333333333,NA,NA,NA,NA,NA,NA,NA,283.333333333333,NA
"88","23005011202",1992,1,250,250,1,1,0,0,0,0,0,0,1,0,0,0,-0.4,NA,0.55,0.55,-0.95,NA,250,0,0,0,0,0,250,0,0,0,250,NA,NA,NA,NA,NA,250,NA,NA,NA
"89","24031705702",1992,1,500,500,1,1,0,0,0,0,0,0,1,0,0,0,0.78,NA,0.75,0.75,0.03,NA,500,0,0,0,0,0,500,0,0,0,500,NA,NA,NA,NA,NA,500,NA,NA,NA
"90","24031705902",1992,1,500,500,1,1,0,0,0,0,0,0,1,0,0,0,0.78,NA,0.75,0.75,0.03,NA,500,0,0,0,0,0,500,0,0,0,500,NA,NA,NA,NA,NA,500,NA,NA,NA
"91","24510250205",1992,1,500,500,1,1,0,0,0,0,0,1,0,0,0,1,-1.14,NA,-1.04,-1.04,-0.0999999999999999,NA,500,0,0,0,0,500,0,0,0,500,500,NA,NA,NA,NA,500,NA,NA,NA,500
"92","25003900400",1992,2,2000,1000,1,2,0,0,0,0,0,1,0,0,0,0.5,-0.22,0,-0.57,-0.57,0.35,0,2000,0,0,0,0,2000,0,0,0,1000,1000,NA,NA,NA,NA,1000,NA,NA,NA,1000
"93","25017351203",1992,1,250,250,1,1,0,0,0,0,0,1,0,0,0,0,-0.85,NA,-0.54,-0.54,-0.31,NA,250,0,0,0,0,250,0,0,0,0,250,NA,NA,NA,NA,250,NA,NA,NA,NA
"94","25017364101",1992,2,750,375,1,2,0,0,0,0,0,1,0,0,0,0.5,-0.77,0.240416305603426,-0.7,-0.7,-0.07,0.014142135623731,750,0,0,0,0,750,0,0,0,250,375,NA,NA,NA,NA,375,NA,NA,NA,250
"95","25021401200",1992,1,1000,1000,1,1,0,0,0,0,0,0,1,0,0,0,0.56,NA,0.55,0.55,0.01,NA,1000,0,0,0,0,0,1000,0,0,0,1000,NA,NA,NA,NA,NA,1000,NA,NA,NA
"96","25021412300",1992,1,200,200,1,1,0,0,0,0,0,0,1,0,0,0,0.46,NA,0.46,0.46,0,NA,200,0,0,0,0,0,200,0,0,0,200,NA,NA,NA,NA,NA,200,NA,NA,NA
"97","25021418101",1992,1,200,200,1,1,0,0,0,0,0,0,1,0,0,0,0.89,NA,0.16,0.16,0.73,NA,200,0,0,0,0,0,200,0,0,0,200,NA,NA,NA,NA,NA,200,NA,NA,NA
"98","25025000803",1992,1,-1000,-1000,1,1,0,0,0,0,0,1,0,0,0,1,0,NA,-0.71,-0.71,0,NA,-1000,0,0,0,0,-1000,0,0,0,-1000,-1000,NA,NA,NA,NA,-1000,NA,NA,NA,-1000
"99","25025030300",1992,1,1000,1000,1,1,0,0,0,0,0,1,0,0,0,0,-0.74,NA,-0.67,-0.67,-0.07,NA,1000,0,0,0,0,1000,0,0,0,0,1000,NA,NA,NA,NA,1000,NA,NA,NA,NA
"100","25025070101",1992,1,-100,-100,1,1,0,0,0,0,0,1,0,0,0,0,-0.94,NA,-0.38,-0.38,-0.56,NA,-100,0,0,0,0,-100,0,0,0,0,-100,NA,NA,NA,NA,-100,NA,NA,NA,NA
"101","25027753100",1992,1,500,500,1,1,0,0,1,0,0,1,0,0,0,1,-0.18,NA,-0.27,-0.27,0.09,NA,500,0,0,500,0,500,0,0,0,500,500,NA,NA,500,NA,500,NA,NA,NA,500
"102","26125140500",1992,1,500,500,1,1,0,0,1,0,0,1,0,0,0,0,0.63,NA,-0.76,-0.76,1.39,NA,500,0,0,500,0,500,0,0,0,0,500,NA,NA,500,NA,500,NA,NA,NA,NA
"103","26125152000",1992,1,500,500,1,1,0,0,0,0,0,0,1,0,0,0,0.93,NA,0.9,0.9,0.03,NA,500,0,0,0,0,0,500,0,0,0,500,NA,NA,NA,NA,NA,500,NA,NA,NA
"104","29047021600",1992,1,5000,5000,1,1,0,0,0,0,0,0,1,0,1,0,1.02,NA,0.98,0.98,0.04,NA,5000,0,0,0,0,0,5000,0,5000,0,5000,NA,NA,NA,NA,NA,5000,NA,5000,NA
"105","29095008300",1992,2,2000,1000,1,2,0,0,0,0,0,0,1,0,0,0,0.96,0,0.92,0.92,0.0399999999999999,0,2000,0,0,0,0,0,2000,0,0,0,1000,NA,NA,NA,NA,NA,1000,NA,NA,NA
"106","29165030600",1992,3,2250,750,1,3,0,0,0,0,0,0.333333333333333,0.333333333333333,0,0.333333333333333,0,0.21,0.753193202306022,0.473333333333333,0.473333333333333,-0.263333333333333,0.352183664205672,2250,0,0,0,0,1000,1000,0,250,0,750,NA,NA,NA,NA,1000,1000,NA,250,NA
"107","29189212200",1992,1,200,200,1,1,0,0,0,0,0,0,1,0,0,1,0.75,NA,0.73,0.73,0.02,NA,200,0,0,0,0,0,200,0,0,200,200,NA,NA,NA,NA,NA,200,NA,NA,200
"108","30101000200",1992,1,-500,-500,1,1,0,0,0,0,0,1,0,0,0,1,-0.92,NA,-1.12,-1.12,0.2,NA,-500,0,0,0,0,-500,0,0,0,-500,-500,NA,NA,NA,NA,-500,NA,NA,NA,-500
"109","32003000700",1992,1,500,500,1,1,0,0,0,0,0,0,1,0,0,0,-0.67,NA,0.75,0.75,-1.42,NA,500,0,0,0,0,0,500,0,0,0,500,NA,NA,NA,NA,NA,500,NA,NA,NA
"110","32003002206",1992,1,500,500,1,1,0,0,0,0,0,1,0,0,1,0,-0.93,NA,-1.18,-1.18,0.25,NA,500,0,0,0,0,500,0,0,500,0,500,NA,NA,NA,NA,500,NA,NA,500,NA
"111","32003002302",1992,2,1500,750,1,2,0,0,0,0,0,0,1,0,0,0,0.935,0.21920310216783,0.9,0.9,0.035,0.00707106781186548,1500,0,0,0,0,0,1500,0,0,0,750,NA,NA,NA,NA,NA,750,NA,NA,NA
"112","32003003429",1992,3,3000,1000,1,3,0,0,0,0,0,1,0,0,0,0.666666666666667,-0.52,0,-0.573333333333333,-0.573333333333333,0.0533333333333333,0.0577350269189626,3000,0,0,0,0,3000,0,0,0,2000,1000,NA,NA,NA,NA,1000,NA,NA,NA,1000
"113","32003004920",1992,1,750,750,1,1,0,0,0,0,0,0,0,0,1,0,0,NA,0,0,0,NA,750,0,0,0,0,0,0,0,750,0,750,NA,NA,NA,NA,NA,NA,NA,750,NA
"114","32003005106",1992,1,1000,1000,1,1,0,0,0,0,0,1,0,0,0,0,-0.98,NA,-0.78,-0.78,-0.2,NA,1000,0,0,0,0,1000,0,0,0,0,1000,NA,NA,NA,NA,1000,NA,NA,NA,NA
"115","32003005705",1992,1,1000,1000,1,1,0,0,0,0,0,0,0,0,1,0,0,NA,0,0,0,NA,1000,0,0,0,0,0,0,0,1000,0,1000,NA,NA,NA,NA,NA,NA,NA,1000,NA
"116","32031003307",1992,2,700,350,1,2,0,0,0,0,0,0.5,0.5,0,0,0,0.92,0,0.095,0.095,0.825,0.756604255869606,700,0,0,0,0,500,200,0,0,0,350,NA,NA,NA,NA,500,200,NA,NA,NA
"117","32031003309",1992,1,800,800,1,1,0,0,0,0,0,1,0,0,0,0,-1.22,NA,-1.12,-1.12,-0.0999999999999999,NA,800,0,0,0,0,800,0,0,0,0,800,NA,NA,NA,NA,800,NA,NA,NA,NA
"118","32031990100",1992,1,250,250,1,1,0,0,0,0,0,0,1,0,0,0,1.21,NA,1.15,1.15,0.0600000000000001,NA,250,0,0,0,0,0,250,0,0,0,250,NA,NA,NA,NA,NA,250,NA,NA,NA
"119","34013013800",1992,1,1000,1000,1,1,0,0,0,0,0,0,1,0,0,0,-0.64,NA,0.91,0.91,-1.55,NA,1000,0,0,0,0,0,1000,0,0,0,1000,NA,NA,NA,NA,NA,1000,NA,NA,NA
"120","34013017700",1992,1,250,250,1,1,0,0,0,0,0,1,0,0,0,0,-0.95,NA,-0.86,-0.86,-0.09,NA,250,0,0,0,0,250,0,0,0,0,250,NA,NA,NA,NA,250,NA,NA,NA,NA
"121","34025808800",1992,1,1250,1250,1,1,0,0,0,0,0,0,1,0,1,0,-0.4,NA,1.3,1.3,-1.7,NA,1250,0,0,0,0,0,1250,0,1250,0,1250,NA,NA,NA,NA,NA,1250,NA,1250,NA
"122","34027041802",1992,1,1000,1000,1,1,0,0,0,0,0,1,0,0,0,1,-0.54,NA,-0.39,-0.39,-0.15,NA,1000,0,0,0,0,1000,0,0,0,1000,1000,NA,NA,NA,NA,1000,NA,NA,NA,1000
"123","34039032700",1992,1,1000,1000,1,1,0,0,0,0,0,0,1,0,0,0,-0.45,NA,0.6,0.6,-1.05,NA,1000,0,0,0,0,0,1000,0,0,0,1000,NA,NA,NA,NA,NA,1000,NA,NA,NA
"124","34039038000",1992,1,500,500,1,1,0,0,0,0,0,0,0,0,1,0,1.22,NA,1.19,1.19,0.03,NA,500,0,0,0,0,0,0,0,500,0,500,NA,NA,NA,NA,NA,NA,NA,500,NA
"125","35028000400",1992,1,-250,-250,1,1,0,0,0,0,0,1,0,0,0,0,0,NA,-0.66,-0.66,0,NA,-250,0,0,0,0,-250,0,0,0,0,-250,NA,NA,NA,NA,-250,NA,NA,NA,NA
"126","36027130004",1992,1,200,200,1,1,0,0,0,0,0,0,0,0,1,0,0.25,NA,0,0,0,NA,200,0,0,0,0,0,0,0,200,0,200,NA,NA,NA,NA,NA,NA,NA,200,NA
"127","36059405400",1992,1,1000,1000,1,1,0,0,0,0,0,1,0,0,0,0,-0.4,NA,-0.57,-0.57,0.17,NA,1000,0,0,0,0,1000,0,0,0,0,1000,NA,NA,NA,NA,1000,NA,NA,NA,NA
"128","36059412301",1992,1,1000,1000,1,1,0,0,0,0,0,1,0,0,0,0,0.6,NA,-0.99,-0.99,1.59,NA,1000,0,0,0,0,1000,0,0,0,0,1000,NA,NA,NA,NA,1000,NA,NA,NA,NA
"129","36059416801",1992,1,1000,1000,1,1,0,0,0,0,0,1,0,0,0,1,-0.69,NA,-0.63,-0.63,-0.0599999999999999,NA,1000,0,0,0,0,1000,0,0,0,1000,1000,NA,NA,NA,NA,1000,NA,NA,NA,1000
"130","36061000800",1992,1,771,771,1,1,0,0,0,0,0,0,0,0,1,0,-0.55,NA,0,0,0,NA,771,0,0,0,0,0,0,0,771,0,771,NA,NA,NA,NA,NA,NA,NA,771,NA
"131","36061000900",1992,3,2500,833.333333333333,1,3,0,0,0,0,0,0.333333333333333,0,0,0.666666666666667,0,-0.606666666666667,0.757187779440036,-0.79,-0.79,0.0966666666666667,0.167431578064991,2500,0,0,0,0,1000,0,0,1500,0,833.333333333333,NA,NA,NA,NA,1000,NA,NA,750,NA
"132","36061007200",1992,3,2750,916.666666666667,1,3,0,0,0,0,0,0.666666666666667,0,0,0.333333333333333,0,-0.52,0,-0.553333333333333,-0.553333333333333,0.0333333333333333,0.300222139978605,2750,0,0,0,0,750,0,0,2000,0,916.666666666667,NA,NA,NA,NA,375,NA,NA,2000,NA
"133","36061007900",1992,1,551,551,1,1,0,0,0,0,0,0,0,0,1,0,-0.93,NA,0,0,0,NA,551,0,0,0,0,0,0,0,551,0,551,NA,NA,NA,NA,NA,NA,NA,551,NA
"134","36061009200",1992,2,1250,625,1,2,0,0,1,0,0,0.5,0,0,0.5,0,-0.3,0.311126983722081,-0.415,-0.415,0.115,0.530330085889911,1250,0,0,250,0,250,0,0,1000,0,625,NA,NA,250,NA,250,NA,NA,1000,NA
"135","36061010800",1992,7,2280,325.714285714286,1,7,0,0,1,0,0,0,0,0,1,0,-0.0457142857142857,0.376557084776317,0,0,0,0,2280,0,0,551,0,0,0,0,2280,0,325.714285714286,NA,NA,551,NA,NA,NA,NA,325.714285714286,NA
"136","36061012600",1992,2,2500,1250,1,2,0,0,1,0,0,0.5,0,0,0.5,0,-0.93,0.127279220613579,-0.815,-0.815,-0.115,0.0494974746830584,2500,0,0,1500,0,1000,0,0,1500,0,1250,NA,NA,1500,NA,1000,NA,NA,1500,NA
"137","36061015400",1992,1,250,250,1,1,0,0,0,0,0,0,1,0,0,1,1.09,NA,1.05,1.05,0.04,NA,250,0,0,0,0,0,250,0,0,250,250,NA,NA,NA,NA,NA,250,NA,NA,250
"138","36061016100",1992,1,1000,1000,1,1,0,0,0,0,0,1,0,0,0,1,-1.04,NA,-1.12,-1.12,0.0800000000000001,NA,1000,0,0,0,0,1000,0,0,0,1000,1000,NA,NA,NA,NA,1000,NA,NA,NA,1000
"139","36081012200",1992,1,600,600,1,1,0,0,0,0,0,1,0,0,0,0,-0.37,NA,-0.32,-0.32,-0.05,NA,600,0,0,0,0,600,0,0,0,0,600,NA,NA,NA,NA,600,NA,NA,NA,NA
"140","36081015802",1992,1,600,600,1,1,0,0,0,0,0,1,0,0,0,0,-0.37,NA,-0.32,-0.32,-0.05,NA,600,0,0,0,0,600,0,0,0,0,600,NA,NA,NA,NA,600,NA,NA,NA,NA
"141","36103170002",1992,2,1000,500,1,2,0,0,0,0,0,1,0,0,0,0,-1.33,0,-1.13,-1.13,-0.2,0.0141421356237308,1000,0,0,0,0,1000,0,0,0,0,500,NA,NA,NA,NA,500,NA,NA,NA,NA
"142","36119010000",1992,1,250,250,1,1,0,0,0,0,0,1,0,0,0,0,-0.84,NA,-0.76,-0.76,-0.08,NA,250,0,0,0,0,250,0,0,0,0,250,NA,NA,NA,NA,250,NA,NA,NA,NA
"143","36119012600",1992,2,375,187.5,1,2,0,0,0,0,0,0.5,0,0,0.5,0.5,-1.05,0,-1.02,-1.02,-0.0300000000000001,0.212132034355964,375,0,0,0,0,125,0,0,250,125,187.5,NA,NA,NA,NA,125,NA,NA,250,125
"144","37183050500",1992,2,750,375,1,2,0,0,0,0,0,1,0,0,0,1,-1.2,0,-0.99,-0.99,-0.21,0.183847763108502,750,0,0,0,0,750,0,0,0,750,375,NA,NA,NA,NA,375,NA,NA,NA,375
"145","39035170102",1992,1,1000,1000,1,1,0,0,0,0,0,0,1,0,0,0,1.2,NA,0.8,0.8,0.4,NA,1000,0,0,0,0,0,1000,0,0,0,1000,NA,NA,NA,NA,NA,1000,NA,NA,NA
"146","39035187103",1992,1,205,205,1,1,0,0,0,0,0,1,0,0,0,0,-1.29,NA,-0.58,-0.58,-0.71,NA,205,0,0,0,0,205,0,0,0,0,205,NA,NA,NA,NA,205,NA,NA,NA,NA
"147","39049008822",1992,1,250,250,1,1,0,0,0,0,0,0,1,0,0,0,1.01,NA,0.97,0.97,0.04,NA,250,0,0,0,0,0,250,0,0,0,250,NA,NA,NA,NA,NA,250,NA,NA,NA
"148","39049008900",1992,1,250,250,1,1,0,0,0,0,0,0,1,0,0,1,1.09,NA,1.05,1.05,0.04,NA,250,0,0,0,0,0,250,0,0,250,250,NA,NA,NA,NA,NA,250,NA,NA,250
"149","39099813700",1992,2,1010,505,1,2,0,0,0,0,0,0,0,0,1,0,-0.265,0.586898628384834,-0.535,-0.535,0.27,0.395979797464467,1010,0,0,0,0,0,0,0,1010,0,505,NA,NA,NA,NA,NA,NA,NA,505,NA
"150","39103406000",1992,1,200,200,1,1,0,0,0,0,0,1,0,0,0,0,0.18,NA,-0.58,-0.58,0.76,NA,200,0,0,0,0,200,0,0,0,0,200,NA,NA,NA,NA,200,NA,NA,NA,NA
"151","40037020704",1992,1,6,6,1,1,0,0,0,0,0,0,0,0,1,0,0.23,NA,0.23,0.23,0,NA,6,0,0,0,0,0,0,0,6,0,6,NA,NA,NA,NA,NA,NA,NA,6,NA
"152","40143000800",1992,1,1000,1000,1,1,0,0,0,1,0,1,0,0,0,0,-0.26,NA,-0.22,-0.22,-0.04,NA,1000,0,1000,0,0,1000,0,0,0,0,1000,NA,1000,NA,NA,1000,NA,NA,NA,NA
"153","40145030602",1992,1,200,200,1,1,0,0,0,0,0,1,0,0,0,1,-0.31,NA,-0.13,-0.13,-0.18,NA,200,0,0,0,0,200,0,0,0,200,200,NA,NA,NA,NA,200,NA,NA,NA,200
"154","41005024303",1992,15,11750,783.333333333333,1,15,0,0,6,1,0,0.333333333333333,0.466666666666667,0,0.2,0.533333333333333,0.84,0,0.435333333333333,0.435333333333333,0.404666666666667,0.664506977999121,11750,0,500,3250,0,3000,4000,0,4750,3500,783.333333333333,NA,500,541.666666666667,NA,600,571.428571428571,NA,1583.33333333333,437.5
"155","41017002000",1992,1,200,200,1,1,0,0,0,0,0,1,0,0,0,0,-0.5,NA,-0.44,-0.44,-0.06,NA,200,0,0,0,0,200,0,0,0,0,200,NA,NA,NA,NA,200,NA,NA,NA,NA
"156","41019110000",1992,1,1000,1000,1,1,0,0,1,0,0,0,0,0,1,0,-0.95,NA,0,0,0,NA,1000,0,0,1000,0,0,0,0,1000,0,1000,NA,NA,1000,NA,NA,NA,NA,1000,NA
"157","41035970300",1992,1,500,500,1,1,0,0,0,0,0,0,1,0,0,0,0.23,NA,0.63,0.63,-0.4,NA,500,0,0,0,0,0,500,0,0,0,500,NA,NA,NA,NA,NA,500,NA,NA,NA
"158","41035970800",1992,1,400,400,1,1,0,0,0,0,0,0,0,0,1,0,0,NA,0,0,0,NA,400,0,0,0,0,0,0,0,400,0,400,NA,NA,NA,NA,NA,NA,NA,400,NA
"159","41035971700",1992,2,500,250,1,2,0,0,0,0,0,0,0,0,1,0,0,0,0,0,0,0,500,0,0,0,0,0,0,0,500,0,250,NA,NA,NA,NA,NA,NA,NA,250,NA
"160","41035972000",1992,2,0,0,0,0,0,0,0,0,0,0,0,0,1,0,0,0,0,0,0,0,0,0,0,0,0,0,0,0,0,0,NA,NA,NA,NA,NA,NA,NA,NA,0,NA
"161","41039001302",1992,2,2000,1000,1,2,0,0,0,0,0,1,0,0,0,0.5,-1.09,0.0707106781186547,-0.9,-0.9,-0.19,0.0707106781186547,2000,0,0,0,0,2000,0,0,0,1000,1000,NA,NA,NA,NA,1000,NA,NA,NA,1000
"162","41051004300",1992,2,2000,1000,1,2,0,0,2,0,0,1,0,0,0,0.5,-0.33,0,-0.53,-0.53,0.2,0,2000,0,0,2000,0,2000,0,0,0,1000,1000,NA,NA,1000,NA,1000,NA,NA,NA,1000
"163","41071031000",1992,1,250,250,1,1,0,0,0,0,0,0,1,0,0,0,0.84,NA,0.81,0.81,0.0299999999999999,NA,250,0,0,0,0,0,250,0,0,0,250,NA,NA,NA,NA,NA,250,NA,NA,NA
"164","42011011400",1992,1,250,250,1,1,0,0,0,0,0,0,0,0,1,0,-0.65,NA,0,0,0,NA,250,0,0,0,0,0,0,0,250,0,250,NA,NA,NA,NA,NA,NA,NA,250,NA
"165","42017100304",1992,1,1000,1000,1,1,0,0,0,0,0,0,0,0,1,0,-0.64,NA,-0.87,-0.87,0.23,NA,1000,0,0,0,0,0,0,0,1000,0,1000,NA,NA,NA,NA,NA,NA,NA,1000,NA
"166","42041012200",1992,1,200,200,1,1,0,0,0,0,0,1,0,0,0,1,-0.36,NA,-0.31,-0.31,-0.05,NA,200,0,0,0,0,200,0,0,0,200,200,NA,NA,NA,NA,200,NA,NA,NA,200
"167","42045408001",1992,1,1000,1000,1,1,0,0,0,0,0,0,1,0,0,0,1.21,NA,1.15,1.15,0.0600000000000001,NA,1000,0,0,0,0,0,1000,0,0,0,1000,NA,NA,NA,NA,NA,1000,NA,NA,NA
"168","42091200103",1992,1,400,400,1,1,0,0,0,0,0,0,0,0,1,0,-1.31,NA,-1.24,-1.24,-0.0700000000000001,NA,400,0,0,0,0,0,0,0,400,0,400,NA,NA,NA,NA,NA,NA,NA,400,NA
"169","42101000100",1992,1,1000,1000,1,1,0,0,0,0,0,1,0,0,0,1,-0.23,NA,-0.67,-0.67,0.44,NA,1000,0,0,0,0,1000,0,0,0,1000,1000,NA,NA,NA,NA,1000,NA,NA,NA,1000
"170","42101000401",1992,1,250,250,1,1,0,0,0,0,0,0,1,0,0,0,0.56,NA,0.55,0.55,0.01,NA,250,0,0,0,0,0,250,0,0,0,250,NA,NA,NA,NA,NA,250,NA,NA,NA
"171","42101020700",1992,1,200,200,1,1,0,0,0,0,0,0,1,0,0,0,-0.64,NA,0.21,0.21,-0.85,NA,200,0,0,0,0,0,200,0,0,0,200,NA,NA,NA,NA,NA,200,NA,NA,NA
"172","42129803000",1992,1,500,500,1,1,0,0,0,0,0,1,0,0,0,0,-0.08,NA,-0.05,-0.05,-0.03,NA,500,0,0,0,0,500,0,0,0,0,500,NA,NA,NA,NA,500,NA,NA,NA,NA
"173","45013002107",1992,1,250,250,1,1,0,0,0,0,0,0,0,0,1,0,0.27,NA,0,0,0,NA,250,0,0,0,0,0,0,0,250,0,250,NA,NA,NA,NA,NA,NA,NA,250,NA
"174","45013002108",1992,1,300,300,1,1,0,0,0,0,0,0,1,0,0,1,1.15,NA,1.05,1.05,0.0999999999999999,NA,300,0,0,0,0,0,300,0,0,300,300,NA,NA,NA,NA,NA,300,NA,NA,300
"175","45023020800",1992,1,200,200,1,1,0,0,0,0,0,0,0,0,1,0,0,NA,0,0,0,NA,200,0,0,0,0,0,0,0,200,0,200,NA,NA,NA,NA,NA,NA,NA,200,NA
"176","45047970400",1992,1,20,20,1,1,0,0,0,0,0,0,0,0,0,0,-1.17,NA,-1.07,-1.07,-0.0999999999999999,NA,20,0,0,0,0,0,0,0,0,0,20,NA,NA,NA,NA,NA,NA,NA,NA,NA
"177","45073030800",1992,1,300,300,1,1,0,0,0,0,0,0,0,0,1,0,0,NA,0,0,0,NA,300,0,0,0,0,0,0,0,300,0,300,NA,NA,NA,NA,NA,NA,NA,300,NA
"178","47155080300",1992,1,1500,1500,1,1,0,0,0,0,0,0,0,0,1,0,-0.78,NA,-1.17,-1.17,0.39,NA,1500,0,0,0,0,0,0,0,1500,0,1500,NA,NA,NA,NA,NA,NA,NA,1500,NA
"179","48029110100",1992,1,300,300,1,1,0,0,0,0,0,0,0,0,1,0,0.27,NA,0.27,0.27,0,NA,300,0,0,0,0,0,0,0,300,0,300,NA,NA,NA,NA,NA,NA,NA,300,NA
"180","48201310700",1992,1,250,250,1,1,0,0,0,0,0,1,0,0,0,0,-0.1,NA,-0.07,-0.07,-0.03,NA,250,0,0,0,0,250,0,0,0,0,250,NA,NA,NA,NA,250,NA,NA,NA,NA
"181","48201323400",1992,1,250,250,1,1,0,0,0,0,0,0,0,0,1,0,0,NA,0,0,0,NA,250,0,0,0,0,0,0,0,250,0,250,NA,NA,NA,NA,NA,NA,NA,250,NA
"182","48485011900",1992,1,250,250,1,1,0,0,0,0,0,0,1,0,0,1,1.24,NA,1.05,1.05,0.19,NA,250,0,0,0,0,0,250,0,0,250,250,NA,NA,NA,NA,NA,250,NA,NA,250
"183","48491020405",1992,165,369900,2241.81818181818,0,0,0,0,0,0,0,0.539393939393939,0.351515151515152,0,0.133333333333333,0.351515151515152,0.33,0,0.0458787878787879,0.0458787878787879,0.280121212121212,0.656062708817504,0,0,0,0,0,108550,77350,0,195000,75100,NA,NA,NA,NA,NA,1219.66292134831,1333.62068965517,NA,8863.63636363636,1294.8275862069
"184","49007000600",1992,1,240,240,1,1,0,0,0,0,0,0,0,0,1,0,0,NA,0,0,0,NA,240,0,0,0,0,0,0,0,240,0,240,NA,NA,NA,NA,NA,NA,NA,240,NA
"185","49011126202",1992,2,500,250,1,2,0,0,0,0,0,0,1,0,0,0,1.04,0,0.92,0.92,0.12,0,500,0,0,0,0,0,500,0,0,0,250,NA,NA,NA,NA,NA,250,NA,NA,NA
"186","49035101700",1992,1,300,300,1,1,0,0,0,0,0,1,0,0,0,0,-0.02,NA,-0.78,-0.78,0.76,NA,300,0,0,0,0,300,0,0,0,0,300,NA,NA,NA,NA,300,NA,NA,NA,NA
"187","49035113523",1992,1,1000,1000,1,1,0,0,0,0,0,1,0,0,0,1,0.98,NA,0.03,0.03,0.95,NA,1000,0,0,0,0,1000,0,0,0,1000,1000,NA,NA,NA,NA,1000,NA,NA,NA,1000
"188","50017959000",1992,2,-25,-12.5,1,2,0,0,0,0,0,0,1,0,0,0,0,0,1.1,1.1,0,0,-25,0,0,0,0,0,-25,0,0,0,-12.5,NA,NA,NA,NA,NA,-12.5,NA,NA,NA
"189","50027965400",1992,1,300,300,1,1,0,0,0,0,0,1,0,0,0,1,0.12,NA,-0.33,-0.33,0.45,NA,300,0,0,0,0,300,0,0,0,300,300,NA,NA,NA,NA,300,NA,NA,NA,300
"190","50027965800",1992,1,200,200,1,1,0,0,0,0,0,1,0,0,0,1,-0.38,NA,-0.33,-0.33,-0.05,NA,200,0,0,0,0,200,0,0,0,200,200,NA,NA,NA,NA,200,NA,NA,NA,200
"191","51013101300",1992,1,1000,1000,1,1,0,0,0,0,0,0,1,0,0,0,0.65,NA,0.64,0.64,0.01,NA,1000,0,0,0,0,0,1000,0,0,0,1000,NA,NA,NA,NA,NA,1000,NA,NA,NA
"192","51059415800",1992,1,500,500,1,1,0,0,0,0,0,0,1,0,0,0,1.09,NA,1.05,1.05,0.04,NA,500,0,0,0,0,0,500,0,0,0,500,NA,NA,NA,NA,NA,500,NA,NA,NA
"193","51059452102",1992,1,300,300,1,1,0,0,0,0,0,1,0,0,0,1,-0.36,NA,-0.32,-0.32,-0.04,NA,300,0,0,0,0,300,0,0,0,300,300,NA,NA,NA,NA,300,NA,NA,NA,300
"194","51059482201",1992,2,750,375,1,2,0,0,0,0,0,0,1,0,0,0.5,1.08,0,0.86,0.86,0.22,0,750,0,0,0,0,0,750,0,0,250,375,NA,NA,NA,NA,NA,375,NA,NA,250
"195","51059492100",1992,2,500,250,1,2,0,0,0,0,0,0,1,0,0,1,1.12,0,1.19,1.19,-0.0699999999999998,0,500,0,0,0,0,0,500,0,0,500,250,NA,NA,NA,NA,NA,250,NA,NA,250
"196","51153901224",1992,2,1000,500,1,2,0,0,0,0,0,1,0,0,0,0.5,-0.33,0,-0.39,-0.39,0.06,0,1000,0,0,0,0,1000,0,0,0,500,500,NA,NA,NA,NA,500,NA,NA,NA,500
"197","51155210202",1992,8,8500,1062.5,1,8,0,0,0,0,0,0,0.875,0,0.125,0.5,0.5525,0.233345237791561,0.995,0.995,-0.4425,0.218354233823325,8500,0,0,0,0,0,3500,0,5000,2000,1062.5,NA,NA,NA,NA,NA,500,NA,5000,500
"198","51510200104",1992,1,250,250,1,1,0,0,0,0,0,0,1,0,0,0,1.09,NA,1.05,1.05,0.04,NA,250,0,0,0,0,0,250,0,0,0,250,NA,NA,NA,NA,NA,250,NA,NA,NA
"199","51510201400",1992,1,250,250,1,1,0,0,0,0,0,0,1,0,0,1,1.26,NA,1.2,1.2,0.0600000000000001,NA,250,0,0,0,0,0,250,0,0,250,250,NA,NA,NA,NA,NA,250,NA,NA,250
"200","51510201900",1992,2,1250,625,1,2,0,0,0,0,0,0.5,0.5,0,0,0.5,0.125,1.36471608769004,0.145,0.145,-0.02,0.0848528137423857,1250,0,0,0,0,1000,250,0,0,250,625,NA,NA,NA,NA,1000,250,NA,NA,250
"201","51760020600",1992,1,500,500,1,1,0,0,0,0,0,1,0,0,0,0,-0.93,NA,-0.86,-0.86,-0.0700000000000001,NA,500,0,0,0,0,500,0,0,0,0,500,NA,NA,NA,NA,500,NA,NA,NA,NA
"202","51760040400",1992,1,500,500,1,1,0,0,0,0,0,1,0,0,0,1,-1.06,NA,-0.97,-0.97,-0.0900000000000001,NA,500,0,0,0,0,500,0,0,0,500,500,NA,NA,NA,NA,500,NA,NA,NA,500
"203","51810044805",1992,2,500,250,1,2,0,0,0,0,0,0,1,0,0,1,1.03,0.0707106781186548,0.94,0.94,0.0900000000000001,0.0707106781186548,500,0,0,0,0,0,500,0,0,500,250,NA,NA,NA,NA,NA,250,NA,NA,250
"204","53029971000",1992,1,250,250,1,1,0,0,0,0,0,0,0,0,1,0,0,NA,0,0,0,NA,250,0,0,0,0,0,0,0,250,0,250,NA,NA,NA,NA,NA,NA,NA,250,NA
"205","53033004900",1992,1,1000,1000,1,1,0,0,0,0,0,0,1,0,0,1,-0.29,NA,0.46,0.46,-0.75,NA,1000,0,0,0,0,0,1000,0,0,1000,1000,NA,NA,NA,NA,NA,1000,NA,NA,1000
"206","53033008100",1992,1,500,500,1,1,0,0,0,0,0,1,0,0,0,1,-0.44,NA,-1.12,-1.12,0.68,NA,500,0,0,0,0,500,0,0,0,500,500,NA,NA,NA,NA,500,NA,NA,NA,500
"207","53033022702",1992,1,5000,5000,0,0,1,1,0,0,0,0,0,0,1,0,1.2,NA,1.15,1.15,0.05,NA,0,5000,0,0,0,0,0,0,5000,0,NA,5000,NA,NA,NA,NA,NA,NA,5000,NA
"208","53033031502",1992,1,500,500,1,1,0,0,0,0,0,1,0,0,0,0,-0.79,NA,-0.71,-0.71,-0.0800000000000001,NA,500,0,0,0,0,500,0,0,0,0,500,NA,NA,NA,NA,500,NA,NA,NA,NA
"209","53033032324",1992,1,1000,1000,1,1,0,0,0,0,0,1,0,0,0,0,0.03,NA,0.05,0.05,-0.02,NA,1000,0,0,0,0,1000,0,0,0,0,1000,NA,NA,NA,NA,1000,NA,NA,NA,NA
"210","53033032500",1992,1,250,250,1,1,0,0,0,0,0,0,0,0,1,0,-1.27,NA,-1.17,-1.17,-0.1,NA,250,0,0,0,0,0,0,0,250,0,250,NA,NA,NA,NA,NA,NA,NA,250,NA
"211","53033032702",1992,1,200,200,1,1,0,0,0,0,0,0,0,0,1,0,-1.4,NA,-1.17,-1.17,-0.23,NA,200,0,0,0,0,0,0,0,200,0,200,NA,NA,NA,NA,NA,NA,NA,200,NA
"212","53035090800",1992,1,1000,1000,1,1,0,0,0,0,0,0,1,0,0,0,1.08,NA,0.68,0.68,0.4,NA,1000,0,0,0,0,0,1000,0,0,0,1000,NA,NA,NA,NA,NA,1000,NA,NA,NA
"213","53035090900",1992,1,1000,1000,1,1,0,0,0,0,0,1,0,0,0,0,-0.69,NA,-0.39,-0.39,-0.3,NA,1000,0,0,0,0,1000,0,0,0,0,1000,NA,NA,NA,NA,1000,NA,NA,NA,NA
"214","53035092300",1992,1,500,500,1,1,0,0,0,0,0,0,1,0,1,0,1.06,NA,1.06,1.06,0,NA,500,0,0,0,0,0,500,0,500,0,500,NA,NA,NA,NA,NA,500,NA,500,NA
"215","53043960200",1992,1,500,500,1,1,0,0,0,0,0,1,0,0,0,0,-0.35,NA,-0.6,-0.6,0.25,NA,500,0,0,0,0,500,0,0,0,0,500,NA,NA,NA,NA,500,NA,NA,NA,NA
"216","53047971000",1992,1,250,250,1,1,0,0,0,0,0,0,1,0,0,0,1.39,NA,0.68,0.68,0.71,NA,250,0,0,0,0,0,250,0,0,0,250,NA,NA,NA,NA,NA,250,NA,NA,NA
"217","53053072107",1992,1,1000,1000,1,1,0,0,0,0,0,0,1,0,0,0,0.55,NA,0.54,0.54,0.01,NA,1000,0,0,0,0,0,1000,0,0,0,1000,NA,NA,NA,NA,NA,1000,NA,NA,NA
"218","53053940003",1992,1,500,500,1,1,0,0,0,0,0,1,0,0,0,0,-0.94,NA,-0.86,-0.86,-0.08,NA,500,0,0,0,0,500,0,0,0,0,500,NA,NA,NA,NA,500,NA,NA,NA,NA
"219","53053940007",1992,1,500,500,1,1,0,0,1,0,0,0,1,0,0,0,0.92,NA,1.15,1.15,-0.23,NA,500,0,0,500,0,0,500,0,0,0,500,NA,NA,500,NA,NA,500,NA,NA,NA
"220","54067950200",1992,1,-100,-100,1,1,0,0,0,0,0,0,0,0,1,0,0,NA,0,0,0,NA,-100,0,0,0,0,0,0,0,-100,0,-100,NA,NA,NA,NA,NA,NA,NA,-100,NA
"221","55073001201",1992,1,250,250,1,1,0,0,0,0,0,0,0,0,1,0,0.48,NA,0,0,0,NA,250,0,0,0,0,0,0,0,250,0,250,NA,NA,NA,NA,NA,NA,NA,250,NA
"222","55117990000",1992,1,1000,1000,1,1,0,0,0,0,0,0,1,0,0,1,1.26,NA,1.2,1.2,0.0600000000000001,NA,1000,0,0,0,0,0,1000,0,0,1000,1000,NA,NA,NA,NA,NA,1000,NA,NA,1000
"223","56005000700",1992,1,1000,1000,1,1,0,0,0,0,0,0,1,0,0,1,1.06,NA,1.2,1.2,-0.14,NA,1000,0,0,0,0,0,1000,0,0,1000,1000,NA,NA,NA,NA,NA,1000,NA,NA,1000
