"","censustract","yr","count","aTot","aMean","pIndv","nIndv","nCorp","pCorp","nIndvTech","nIndvBigTech","nCorpBigTech","pDemRec","pRepRec","pIndRec","pComRec","pGen","meanContCF","rangeContCF","meanCandCF","rangeCandCF","meanCFDiff","rangeCFDiff","aIndv","aCorp","aIndvBigTech","aIndvTech","aCorpTech","aDemRec","aRepRec","aIndRec","aComRec","aGen","mIndv","mCorp","mIndvBigTech","mIndvTech","mCorpTech","mDemRec","mRepRec","mIndRec","mComRec","mGen"
"1","0",1994,340,335932,988.035294117647,0.673529411764706,229,104,0.305882352941176,7,3,1,0.308823529411765,0.311764705882353,0.00588235294117647,0.385294117647059,0.244117647058824,0.212352941176471,0.742159643885311,0.206705882352941,0.206705882352941,0.0220294117647059,0.496880830385287,134505,184777,819,4470,500,66375,58960,279,210683,47390,587.35807860262,1776.70192307692,273,638.571428571429,500,632.142857142857,556.22641509434,139.5,1608.26717557252,570.963855421687
"2","02020002100",1994,1,-500,-500,1,1,0,0,0,0,0,1,0,0,0,0,0.64,NA,-0.33,-0.33,0.97,NA,-500,0,0,0,0,-500,0,0,0,0,-500,NA,NA,NA,NA,-500,NA,NA,NA,NA
"3","02020002821",1994,1,200,200,1,1,0,0,0,0,0,0,1,0,0,0,0.55,NA,0.54,0.54,0.01,NA,200,0,0,0,0,0,200,0,0,0,200,NA,NA,NA,NA,NA,200,NA,NA,NA
"4","04013105004",1994,1,500,500,1,1,0,0,0,0,0,1,0,0,0,0,-0.95,NA,-0.86,-0.86,-0.09,NA,500,0,0,0,0,500,0,0,0,0,500,NA,NA,NA,NA,500,NA,NA,NA,NA
"5","04013420215",1994,1,-895,-895,1,1,0,0,0,0,0,0,1,0,0,1,0,NA,1.15,1.15,0,NA,-895,0,0,0,0,0,-895,0,0,-895,-895,NA,NA,NA,NA,NA,-895,NA,NA,-895
"6","04013422204",1994,1,10000,10000,0,0,1,1,0,0,0,0,0,0,1,0,1.12,NA,1.07,1.07,0.05,NA,0,10000,0,0,0,0,0,0,10000,0,NA,10000,NA,NA,NA,NA,NA,NA,10000,NA
"7","04013613400",1994,1,5000,5000,1,1,0,0,0,0,0,0,0,0,1,0,0.86,NA,0.73,0.73,0.13,NA,5000,0,0,0,0,0,0,0,5000,0,5000,NA,NA,NA,NA,NA,NA,NA,5000,NA
"8","04019000100",1994,10,6750,675,1,10,0,0,0,0,0,0.2,0,0,0.8,0,-1.33,0,-0.804,-0.804,-0.26,0.258886504519301,6750,0,0,0,0,1000,0,0,5750,0,675,NA,NA,NA,NA,500,NA,NA,718.75,NA
"9","04019000200",1994,4,1000,250,1,4,0,0,0,0,0,0.75,0,0,0.5,0,-1.2275,0.035,-0.6325,-0.6325,-0.2925,0.356218565864648,1000,0,0,0,0,750,0,0,500,0,250,NA,NA,NA,NA,250,NA,NA,250,NA
"10","05001480100",1994,1,500,500,1,1,0,0,0,0,0,0,0,0,1,0,0,NA,0,0,0,NA,500,0,0,0,0,0,0,0,500,0,500,NA,NA,NA,NA,NA,NA,NA,500,NA
"11","05119000200",1994,2,450,225,0,0,2,1,0,0,0,0.5,0.5,0,0,1,-0.21,0,0.13,0.13,-0.34,0.791959594928933,0,450,0,0,0,200,250,0,0,450,NA,225,NA,NA,NA,200,250,NA,NA,225
"12","05119004302",1994,1,390,390,1,1,0,0,0,0,0,0,0,0,1,0,0,NA,0,0,0,NA,390,0,0,0,0,0,0,0,390,0,390,NA,NA,NA,NA,NA,NA,NA,390,NA
"13","08005006000",1994,1,600,600,1,1,0,0,0,0,0,0,0,0,1,0,0,NA,0,0,0,NA,600,0,0,0,0,0,0,0,600,0,600,NA,NA,NA,NA,NA,NA,NA,600,NA
"14","08005006856",1994,1,250,250,1,1,0,0,0,0,0,1,0,0,0,0,-0.51,NA,-0.45,-0.45,-0.06,NA,250,0,0,0,0,250,0,0,0,0,250,NA,NA,NA,NA,250,NA,NA,NA,NA
"15","08005006857",1994,4,1700,425,1,4,0,0,0,0,0,0.5,0.25,0,0.25,0.25,0.3575,0.679724208778825,0.225,0.225,0.1325,0.24878035828149,1700,0,0,0,0,450,250,0,1000,250,425,NA,NA,NA,NA,225,250,NA,1000,250
"16","08013012707",1994,1,500,500,1,1,0,0,0,0,0,1,0,0,0,0,-1.01,NA,-0.56,-0.56,-0.45,NA,500,0,0,0,0,500,0,0,0,0,500,NA,NA,NA,NA,500,NA,NA,NA,NA
"17","08035014131",1994,1,500,500,1,1,0,0,0,0,0,1,0,0,0,0,-0.37,NA,-0.32,-0.32,-0.05,NA,500,0,0,0,0,500,0,0,0,0,500,NA,NA,NA,NA,500,NA,NA,NA,NA
"18","08113968103",1994,1,400,400,1,1,0,0,0,0,0,0,0,0,1,0,0,NA,0,0,0,NA,400,0,0,0,0,0,0,0,400,0,400,NA,NA,NA,NA,NA,NA,NA,400,NA
"19","08113968200",1994,1,250,250,1,1,0,0,0,0,0,0,0,0,1,0,0,NA,0,0,0,NA,250,0,0,0,0,0,0,0,250,0,250,NA,NA,NA,NA,NA,NA,NA,250,NA
"20","09001011100",1994,2,800,400,1,2,0,0,0,0,0,0,0.5,0,0.5,0.5,0.33,0.466690475583121,0.32,0.32,0.01,0.014142135623731,800,0,0,0,0,0,500,0,300,500,400,NA,NA,NA,NA,NA,500,NA,300,500
"21","09001035100",1994,1,250,250,1,1,0,0,0,0,0,0,0,0,1,0,0.61,NA,0.59,0.59,0.02,NA,250,0,0,0,0,0,0,0,250,0,250,NA,NA,NA,NA,NA,NA,NA,250,NA
"22","09001044200",1994,1,250,250,1,1,0,0,0,0,0,1,0,0,0,0,0.91,NA,-0.96,-0.96,1.87,NA,250,0,0,0,0,250,0,0,0,0,250,NA,NA,NA,NA,250,NA,NA,NA,NA
"23","09001240100",1994,2,0,0,1,2,0,0,0,0,0,1,0,0,0,0.5,-0.24,0,-0.51,-0.51,0.27,0,0,0,0,0,0,0,0,0,0,1000,0,NA,NA,NA,NA,0,NA,NA,NA,1000
"24","09003466202",1994,1,350,350,1,1,0,0,0,0,0,0,1,0,0,0,1.2,NA,1.15,1.15,0.05,NA,350,0,0,0,0,0,350,0,0,0,350,NA,NA,NA,NA,NA,350,NA,NA,NA
"25","09009160200",1994,1,250,250,1,1,0,0,0,0,0,1,0,0,0,0,-0.93,NA,-0.85,-0.85,-0.0800000000000001,NA,250,0,0,0,0,250,0,0,0,0,250,NA,NA,NA,NA,250,NA,NA,NA,NA
"26","09009165801",1994,1,200,200,1,1,0,0,0,0,0,0,1,0,0,0,1.17,NA,0.89,0.89,0.28,NA,200,0,0,0,0,0,200,0,0,0,200,NA,NA,NA,NA,NA,200,NA,NA,NA
"27","11001000300",1994,3,800,266.666666666667,1,3,0,0,0,0,0,0.666666666666667,0.333333333333333,0,0,0.666666666666667,0.00999999999999997,0.71014083110324,-0.0433333333333333,-0.0433333333333333,0.0533333333333333,0.0585946527708232,800,0,0,0,0,500,300,0,0,550,266.666666666667,NA,NA,NA,NA,250,300,NA,NA,275
"28","11001000600",1994,2,850,425,1,2,0,0,0,0,0,1,0,0,0,1,0.49,0,-0.86,-0.86,1.35,0,850,0,0,0,0,850,0,0,0,850,425,NA,NA,NA,NA,425,NA,NA,NA,425
"29","11001000801",1994,1,250,250,1,1,0,0,0,0,0,0,0,0,1,0,-1.02,NA,-1.2,-1.2,0.18,NA,250,0,0,0,0,0,0,0,250,0,250,NA,NA,NA,NA,NA,NA,NA,250,NA
"30","11001001600",1994,1,500,500,1,1,0,0,0,0,0,1,0,0,1,0,-0.96,NA,-1.18,-1.18,0.22,NA,500,0,0,0,0,500,0,0,500,0,500,NA,NA,NA,NA,500,NA,NA,500,NA
"31","11001005600",1994,1,1000,1000,1,1,0,0,0,0,0,1,0,0,0,0,-0.95,NA,-0.71,-0.71,-0.24,NA,1000,0,0,0,0,1000,0,0,0,0,1000,NA,NA,NA,NA,1000,NA,NA,NA,NA
"32","11001010100",1994,4,1750,437.5,0,0,0,0,0,0,0,0.5,0.5,0,0,1,0.13,0,0.275,0.275,-0.145,0.744781847254617,0,0,0,0,0,750,1000,0,0,1750,NA,NA,NA,NA,NA,375,500,NA,NA,437.5
"33","11001010700",1994,1,200,200,1,1,0,0,0,0,0,1,0,0,0,1,-1.12,NA,-1.02,-1.02,-0.1,NA,200,0,0,0,0,200,0,0,0,200,200,NA,NA,NA,NA,200,NA,NA,NA,200
"34","12011090900",1994,1,-25,-25,1,1,0,0,0,0,0,1,0,0,0,0,0,NA,-0.54,-0.54,0,NA,-25,0,0,0,0,-25,0,0,0,0,-25,NA,NA,NA,NA,-25,NA,NA,NA,NA
"35","12057011414",1994,2,4000,2000,1,2,0,0,0,0,0,0,0,0,0,0,0.68,0,0.38,0.38,0.3,0.282842712474619,4000,0,0,0,0,0,0,0,0,0,2000,NA,NA,NA,NA,NA,NA,NA,NA,NA
"36","12061050100",1994,1,1500,1500,1,1,0,0,0,0,0,0,0,0,1,0,-0.96,NA,-0.87,-0.87,-0.09,NA,1500,0,0,0,0,0,0,0,1500,0,1500,NA,NA,NA,NA,NA,NA,NA,1500,NA
"37","12099001916",1994,1,500,500,1,1,0,0,0,0,0,1,0,0,0,0,-0.57,NA,-0.51,-0.51,-0.0599999999999999,NA,500,0,0,0,0,500,0,0,0,0,500,NA,NA,NA,NA,500,NA,NA,NA,NA
"38","12099003507",1994,2,6000,3000,1,2,0,0,0,0,0,0.5,0,0,1,0,-1.2,0,-1.205,-1.205,0.005,0.0353553390593274,6000,0,0,0,0,1000,0,0,6000,0,3000,NA,NA,NA,NA,1000,NA,NA,3000,NA
"39","12099003700",1994,1,200,200,1,1,0,0,0,0,0,0,1,0,0,0,0.79,NA,0.76,0.76,0.03,NA,200,0,0,0,0,0,200,0,0,0,200,NA,NA,NA,NA,NA,200,NA,NA,NA
"40","12099004705",1994,1,1000,1000,1,1,0,0,0,0,0,1,0,0,0,0,-0.83,NA,-0.66,-0.66,-0.17,NA,1000,0,0,0,0,1000,0,0,0,0,1000,NA,NA,NA,NA,1000,NA,NA,NA,NA
"41","12099007758",1994,1,500,500,1,1,0,0,0,0,0,1,0,0,0,1,-1.01,NA,-0.93,-0.93,-0.08,NA,500,0,0,0,0,500,0,0,0,500,500,NA,NA,NA,NA,500,NA,NA,NA,500
"42","12101033008",1994,1,500,500,1,1,0,0,0,0,0,0,0,0,1,0,0.88,NA,0,0,0,NA,500,0,0,0,0,0,0,0,500,0,500,NA,NA,NA,NA,NA,NA,NA,500,NA
"43","12107950400",1994,1,1000,1000,1,1,0,0,0,0,0,0,1,0,0,0,0.74,NA,0.8,0.8,-0.0600000000000001,NA,1000,0,0,0,0,0,1000,0,0,0,1000,NA,NA,NA,NA,NA,1000,NA,NA,NA
"44","13013180402",1994,1,200,200,1,1,0,0,0,0,0,0,1,0,0,1,1.37,NA,1.15,1.15,0.22,NA,200,0,0,0,0,0,200,0,0,200,200,NA,NA,NA,NA,NA,200,NA,NA,200
"45","13067030344",1994,1,250,250,1,1,0,0,0,0,0,0,0,0,1,0,-0.78,NA,-1.05,-1.05,0.27,NA,250,0,0,0,0,0,0,0,250,0,250,NA,NA,NA,NA,NA,NA,NA,250,NA
"46","13067030904",1994,1,300,300,1,1,0,0,0,0,0,0,1,0,0,0,0.9,NA,0.87,0.87,0.03,NA,300,0,0,0,0,0,300,0,0,0,300,NA,NA,NA,NA,NA,300,NA,NA,NA
"47","13073030309",1994,2,500,250,1,2,0,0,0,0,0,0,0,0,1,0,0,0,0,0,0,0,500,0,0,0,0,0,0,0,500,0,250,NA,NA,NA,NA,NA,NA,NA,250,NA
"48","13079070100",1994,1,1000,1000,1,1,0,0,0,0,0,1,0,0,0,0,0.55,NA,-0.14,-0.14,0.69,NA,1000,0,0,0,0,1000,0,0,0,0,1000,NA,NA,NA,NA,1000,NA,NA,NA,NA
"49","13117130409",1994,1,1000,1000,1,1,0,0,0,0,0,0,1,0,0,1,0.73,NA,0.71,0.71,0.02,NA,1000,0,0,0,0,0,1000,0,0,1000,1000,NA,NA,NA,NA,NA,1000,NA,NA,1000
"50","13121009900",1994,1,500,500,1,1,0,0,0,0,0,1,0,0,0,1,-0.45,NA,-0.09,-0.09,-0.36,NA,500,0,0,0,0,500,0,0,0,500,500,NA,NA,NA,NA,500,NA,NA,NA,500
"51","13121010514",1994,1,250,250,1,1,0,0,0,0,0,0,0,0,0,0,0.25,NA,0.26,0.26,-0.01,NA,250,0,0,0,0,0,0,0,0,0,250,NA,NA,NA,NA,NA,NA,NA,NA,NA
"52","13179010502",1994,1,297,297,1,1,0,0,0,0,0,0,0,0,1,0,1.07,NA,0,0,0,NA,297,0,0,0,0,0,0,0,297,0,297,NA,NA,NA,NA,NA,NA,NA,297,NA
"53","13189950300",1994,1,500,500,1,1,0,0,0,0,0,0,1,0,0,0,1,NA,0.96,0.96,0.04,NA,500,0,0,0,0,0,500,0,0,0,500,NA,NA,NA,NA,NA,500,NA,NA,NA
"54","13211010300",1994,1,500,500,1,1,0,0,0,0,0,0,1,0,0,0,1,NA,0.96,0.96,0.04,NA,500,0,0,0,0,0,500,0,0,0,500,NA,NA,NA,NA,NA,500,NA,NA,NA
"55","13287970200",1994,1,500,500,1,1,0,0,0,0,0,1,0,0,0,0,-0.38,NA,-0.33,-0.33,-0.05,NA,500,0,0,0,0,500,0,0,0,0,500,NA,NA,NA,NA,500,NA,NA,NA,NA
"56","16013960500",1994,2,1000,500,1,2,0,0,0,0,0,0.5,0.5,0,0,0.5,-0.075,1.27986327394765,-0.03,-0.03,-0.045,0.106066017177982,1000,0,0,0,0,500,500,0,0,500,500,NA,NA,NA,NA,500,500,NA,NA,500
"57","16055001800",1994,1,500,500,1,1,0,0,0,0,0,1,0,0,0,0,-0.45,NA,-0.4,-0.4,-0.05,NA,500,0,0,0,0,500,0,0,0,0,500,NA,NA,NA,NA,500,NA,NA,NA,NA
"58","16067970200",1994,2,500,250,1,2,0,0,0,0,0,0.5,0,0,0.5,0,-1.29,0,-0.45,-0.45,-0.195,0.275771644662754,500,0,0,0,0,250,0,0,250,0,250,NA,NA,NA,NA,250,NA,NA,250,NA
"59","16083000200",1994,1,250,250,1,1,0,0,0,0,0,1,0,0,0,1,-1.32,NA,-1.09,-1.09,-0.23,NA,250,0,0,0,0,250,0,0,0,250,250,NA,NA,NA,NA,250,NA,NA,NA,250
"60","17031800700",1994,1,500,500,1,1,0,0,0,0,0,1,0,0,0,0,-1.1,NA,-0.86,-0.86,-0.24,NA,500,0,0,0,0,500,0,0,0,0,500,NA,NA,NA,NA,500,NA,NA,NA,NA
"61","17031801601",1994,1,2000,2000,1,1,0,0,0,0,0,0,0,0,1,0,-0.8,NA,-0.72,-0.72,-0.0800000000000001,NA,2000,0,0,0,0,0,0,0,2000,0,2000,NA,NA,NA,NA,NA,NA,NA,2000,NA
"62","17031804108",1994,1,5000,5000,0,0,1,1,0,0,0,0,0,0,1,0,-1.15,NA,-1.23,-1.23,0.0800000000000001,NA,0,5000,0,0,0,0,0,0,5000,0,NA,5000,NA,NA,NA,NA,NA,NA,5000,NA
"63","17097864402",1994,1,250,250,1,1,0,0,0,0,0,1,0,0,0,1,-0.38,NA,-0.33,-0.33,-0.05,NA,250,0,0,0,0,250,0,0,0,250,250,NA,NA,NA,NA,250,NA,NA,NA,250
"64","17109010400",1994,1,250,250,1,1,0,0,0,0,0,0,0,0,1,0,-1.4,NA,0,0,0,NA,250,0,0,0,0,0,0,0,250,0,250,NA,NA,NA,NA,NA,NA,NA,250,NA
"65","17115000300",1994,1,300,300,1,1,0,0,0,0,0,0,1,0,0,0,0.67,NA,0.8,0.8,-0.13,NA,300,0,0,0,0,0,300,0,0,0,300,NA,NA,NA,NA,NA,300,NA,NA,NA
"66","17177000900",1994,1,300,300,1,1,0,0,0,0,0,0,0,0,1,0,-1.39,NA,-1.28,-1.28,-0.11,NA,300,0,0,0,0,0,0,0,300,0,300,NA,NA,NA,NA,NA,NA,NA,300,NA
"67","17201000700",1994,1,1000,1000,1,1,0,0,0,0,0,0,1,0,0,0,-0.1,NA,0.73,0.73,-0.83,NA,1000,0,0,0,0,0,1000,0,0,0,1000,NA,NA,NA,NA,NA,1000,NA,NA,NA
"68","18097380501",1994,1,2500,2500,1,1,0,0,0,0,0,0,0,0,1,0,-0.82,NA,0,0,0,NA,2500,0,0,0,0,0,0,0,2500,0,2500,NA,NA,NA,NA,NA,NA,NA,2500,NA
"69","18097391000",1994,1,5000,5000,1,1,0,0,0,0,0,1,0,0,1,0,-1.28,NA,-1.18,-1.18,-0.1,NA,5000,0,0,0,0,5000,0,0,5000,0,5000,NA,NA,NA,NA,5000,NA,NA,5000,NA
"70","18163003300",1994,1,250,250,1,1,0,0,0,0,0,0,0,0,1,0,-1.39,NA,-1.26,-1.26,-0.13,NA,250,0,0,0,0,0,0,0,250,0,250,NA,NA,NA,NA,NA,NA,NA,250,NA
"71","19153011205",1994,1,500,500,1,1,0,0,0,0,0,1,0,0,0,1,-0.53,NA,-0.47,-0.47,-0.0600000000000001,NA,500,0,0,0,0,500,0,0,0,500,500,NA,NA,NA,NA,500,NA,NA,NA,500
"72","21111012409",1994,1,300,300,1,1,0,0,0,0,0,0,0,0,1,0,0,NA,0,0,0,NA,300,0,0,0,0,0,0,0,300,0,300,NA,NA,NA,NA,NA,NA,NA,300,NA
"73","21195931100",1994,5,2000,400,1,5,0,0,0,0,0,1,0,0,0,0.4,-0.48,0,-0.39,-0.39,-0.09,0,2000,0,0,0,0,2000,0,0,0,1000,400,NA,NA,NA,NA,400,NA,NA,NA,500
"74","21227011100",1994,1,1000,1000,1,1,0,0,0,0,0,0,0,0,1,0,-0.46,NA,-0.41,-0.41,-0.05,NA,1000,0,0,0,0,0,0,0,1000,0,1000,NA,NA,NA,NA,NA,NA,NA,1000,NA
"75","22015010900",1994,1,1000,1000,1,1,0,0,0,0,0,0,1,0,0,1,1.21,NA,1.15,1.15,0.0600000000000001,NA,1000,0,0,0,0,0,1000,0,0,1000,1000,NA,NA,NA,NA,NA,1000,NA,NA,1000
"76","22059970300",1994,3,13000,4333.33333333333,1,3,0,0,0,0,0,0,0,0,1,0,-0.97,0,-0.87,-0.87,-0.1,0,13000,0,0,0,0,0,0,0,13000,0,4333.33333333333,NA,NA,NA,NA,NA,NA,NA,4333.33333333333,NA
"77","22071010200",1994,1,500,500,1,1,0,0,0,0,0,0,0,0,1,0,0,NA,0,0,0,NA,500,0,0,0,0,0,0,0,500,0,500,NA,NA,NA,NA,NA,NA,NA,500,NA
"78","22071012000",1994,1,5000,5000,0,0,1,1,0,0,0,0,0,0,0,0,0.25,NA,0.26,0.26,-0.01,NA,0,5000,0,0,0,0,0,0,0,0,NA,5000,NA,NA,NA,NA,NA,NA,NA,NA
"79","22095071100",1994,2,3000,1500,1,2,0,0,0,0,0,1,0,0,0,0,-0.87,0,-0.7,-0.7,-0.17,0,3000,0,0,0,0,3000,0,0,0,0,1500,NA,NA,NA,NA,1500,NA,NA,NA,NA
"80","23005001700",1994,1,250,250,1,1,0,0,0,0,0,0,0,0,0,0,0.25,NA,0.26,0.26,-0.01,NA,250,0,0,0,0,0,0,0,0,0,250,NA,NA,NA,NA,NA,NA,NA,NA,NA
"81","24003731002",1994,1,1000,1000,1,1,0,0,0,0,0,1,0,0,0,0,-0.77,NA,-0.7,-0.7,-0.0700000000000001,NA,1000,0,0,0,0,1000,0,0,0,0,1000,NA,NA,NA,NA,1000,NA,NA,NA,NA
"82","24003731303",1994,2,750,375,1,2,0,0,0,0,0,0,0.5,0,0.5,0.5,0.54,0,0.385,0.385,-0.115,0.162634559672906,750,0,0,0,0,0,250,0,500,250,375,NA,NA,NA,NA,NA,250,NA,500,250
"83","24031700901",1994,2,2000,1000,1,2,0,0,2,0,0,0,0.5,0,0.5,0,0.96,0,0.865,0.865,0.095,0.190918830920368,2000,0,0,2000,0,0,1000,0,1000,0,1000,NA,NA,1000,NA,NA,1000,NA,1000,NA
"84","25001013002",1994,1,500,500,1,1,0,0,0,0,0,1,0,0,0,0,0.23,NA,-0.65,-0.65,0.88,NA,500,0,0,0,0,500,0,0,0,0,500,NA,NA,NA,NA,500,NA,NA,NA,NA
"85","25005615100",1994,1,500,500,1,1,0,0,0,0,0,0,1,0,0,0,0.92,NA,0.89,0.89,0.03,NA,500,0,0,0,0,0,500,0,0,0,500,NA,NA,NA,NA,NA,500,NA,NA,NA
"86","25017354600",1994,1,250,250,1,1,0,0,0,0,0,1,0,0,1,0,-1.2,NA,-1.18,-1.18,-0.02,NA,250,0,0,0,0,250,0,0,250,0,250,NA,NA,NA,NA,250,NA,NA,250,NA
"87","25021415200",1994,1,250,250,1,1,0,0,0,0,1,0,1,0,0,0,0.9,NA,1.1,1.1,-0.2,NA,250,0,0,0,250,0,250,0,0,0,250,NA,NA,NA,250,NA,250,NA,NA,NA
"88","25025000803",1994,1,-1000,-1000,1,1,0,0,0,0,0,1,0,0,0,1,0,NA,-0.71,-0.71,0,NA,-1000,0,0,0,0,-1000,0,0,0,-1000,-1000,NA,NA,NA,NA,-1000,NA,NA,NA,-1000
"89","25027731400",1994,1,250,250,1,1,0,0,0,0,0,0,0,0,1,0,0,NA,0,0,0,NA,250,0,0,0,0,0,0,0,250,0,250,NA,NA,NA,NA,NA,NA,NA,250,NA
"90","25027753100",1994,1,1000,1000,1,1,0,0,0,0,0,1,0,0,0,1,0.14,NA,-0.86,-0.86,1,NA,1000,0,0,0,0,1000,0,0,0,1000,1000,NA,NA,NA,NA,1000,NA,NA,NA,1000
"91","25027761300",1994,1,100,100,1,1,0,0,0,0,0,1,0,0,0,0,-0.39,NA,-0.35,-0.35,-0.04,NA,100,0,0,0,0,100,0,0,0,0,100,NA,NA,NA,NA,100,NA,NA,NA,NA
"92","26125154200",1994,1,250,250,1,1,0,0,0,0,0,0,0,0,1,0,1.25,NA,1.19,1.19,0.0600000000000001,NA,250,0,0,0,0,0,0,0,250,0,250,NA,NA,NA,NA,NA,NA,NA,250,NA
"93","27123040707",1994,1,-100,-100,1,1,0,0,0,0,0,0,0,0,1,0,-1.01,NA,-1.23,-1.23,0.22,NA,-100,0,0,0,0,0,0,0,-100,0,-100,NA,NA,NA,NA,NA,NA,NA,-100,NA
"94","29021003000",1994,1,250,250,1,1,0,0,0,0,0,0,0,0,1,0,0,NA,0,0,0,NA,250,0,0,0,0,0,0,0,250,0,250,NA,NA,NA,NA,NA,NA,NA,250,NA
"95","29165030600",1994,1,500,500,1,1,0,0,0,0,0,1,0,0,0,1,-0.83,NA,-0.75,-0.75,-0.08,NA,500,0,0,0,0,500,0,0,0,500,500,NA,NA,NA,NA,500,NA,NA,NA,500
"96","29189210704",1994,5,1750,350,0,0,5,1,3,0,0,0,1,0,0,1,0.25,0,0.64,0.64,-0.39,0.308463936303744,0,1750,0,1000,0,0,1750,0,0,1750,NA,350,NA,333.333333333333,NA,NA,350,NA,NA,350
"97","29189212200",1994,1,500,500,1,1,0,0,0,0,0,1,0,0,0,1,0.76,NA,-0.8,-0.8,1.56,NA,500,0,0,0,0,500,0,0,0,500,500,NA,NA,NA,NA,500,NA,NA,NA,500
"98","29510115100",1994,1,500,500,1,1,0,0,0,0,0,0,1,0,0,0,0.45,NA,0.44,0.44,0.01,NA,500,0,0,0,0,0,500,0,0,0,500,NA,NA,NA,NA,NA,500,NA,NA,NA
"99","32003003410",1994,3,1400,466.666666666667,1,3,0,0,0,0,0,0,0,0,1,0,0.0866666666666667,0.150111069989303,0,0,0,0,1400,0,0,0,0,0,0,0,1400,0,466.666666666667,NA,NA,NA,NA,NA,NA,NA,466.666666666667,NA
"100","32003004920",1994,2,1500,750,1,2,0,0,0,0,0,0,0,0,1,0,0,0,0,0,0,0,1500,0,0,0,0,0,0,0,1500,0,750,NA,NA,NA,NA,NA,NA,NA,750,NA
"101","32005002400",1994,1,1000,1000,0,0,1,1,0,0,0,1,0,0,0,1,0.12,NA,0.14,0.14,-0.02,NA,0,1000,0,0,0,1000,0,0,0,1000,NA,1000,NA,NA,NA,1000,NA,NA,NA,1000
"102","33011002600",1994,1,25,25,1,1,0,0,0,0,0,1,0,0,0,0,0.63,NA,-0.35,-0.35,0.98,NA,25,0,0,0,0,25,0,0,0,0,25,NA,NA,NA,NA,25,NA,NA,NA,NA
"103","34003027000",1994,7,1400,200,1,7,0,0,0,0,0,0,0,0,1,0,-0.04,0,0,0,0,0,1400,0,0,0,0,0,0,0,1400,0,200,NA,NA,NA,NA,NA,NA,NA,200,NA
"104","34013021000",1994,1,500,500,1,1,0,0,0,0,0,0,0,0,1,0,-0.52,NA,0,0,0,NA,500,0,0,0,0,0,0,0,500,0,500,NA,NA,NA,NA,NA,NA,NA,500,NA
"105","34021004000",1994,1,1000,1000,1,1,0,0,0,0,0,0,0,0,1,0,-1.07,NA,0,0,0,NA,1000,0,0,0,0,0,0,0,1000,0,1000,NA,NA,NA,NA,NA,NA,NA,1000,NA
"106","34021004204",1994,1,1000,1000,1,1,0,0,0,0,0,1,0,0,0,0,-0.95,NA,-0.86,-0.86,-0.09,NA,1000,0,0,0,0,1000,0,0,0,0,1000,NA,NA,NA,NA,1000,NA,NA,NA,NA
"107","34027043402",1994,1,300,300,1,1,0,0,0,0,0,0,1,0,0,0,0.46,NA,0.46,0.46,0,NA,300,0,0,0,0,0,300,0,0,0,300,NA,NA,NA,NA,NA,300,NA,NA,NA
"108","34039038000",1994,1,250,250,1,1,0,0,0,0,0,0,0,0,1,0,1.22,NA,1.19,1.19,0.03,NA,250,0,0,0,0,0,0,0,250,0,250,NA,NA,NA,NA,NA,NA,NA,250,NA
"109","35009000301",1994,2,750,375,0,0,2,1,0,0,0,1,0,0,0,1,0.5,0,-0.82,-0.82,1.32,0,0,750,0,0,0,750,0,0,0,750,NA,375,NA,NA,NA,375,NA,NA,NA,375
"110","35049000200",1994,1,250,250,1,1,0,0,0,0,0,0,0,0,1,0,0,NA,0,0,0,NA,250,0,0,0,0,0,0,0,250,0,250,NA,NA,NA,NA,NA,NA,NA,250,NA
"111","36047020300",1994,1,500,500,1,1,0,0,1,0,0,1,0,0,0,0,-0.57,NA,-0.47,-0.47,-0.1,NA,500,0,0,500,0,500,0,0,0,0,500,NA,NA,500,NA,500,NA,NA,NA,NA
"112","36055009602",1994,1,300,300,1,1,0,0,0,0,0,0,1,0,0,1,-0.19,NA,0.57,0.57,-0.76,NA,300,0,0,0,0,0,300,0,0,300,300,NA,NA,NA,NA,NA,300,NA,NA,300
"113","36061000900",1994,7,4083,583.285714285714,1,7,0,0,0,0,0,0.428571428571429,0.142857142857143,0,0.428571428571429,0.142857142857143,-0.157142857142857,0.75457966855096,-0.47,-0.47,0.238571428571429,0.320022320650116,4083,0,0,0,0,1250,500,0,2333,500,583.285714285714,NA,NA,NA,NA,416.666666666667,500,NA,777.666666666667,500
"114","36061001300",1994,1,500,500,1,1,0,0,0,0,0,0,1,0,0,1,0.36,NA,0.69,0.69,-0.33,NA,500,0,0,0,0,0,500,0,0,500,500,NA,NA,NA,NA,NA,500,NA,NA,500
"115","36061004100",1994,1,500,500,1,1,0,0,0,0,0,1,0,0,0,1,-0.92,NA,-0.96,-0.96,0.0399999999999999,NA,500,0,0,0,0,500,0,0,0,500,500,NA,NA,NA,NA,500,NA,NA,NA,500
"116","36061007200",1994,2,2000,1000,1,2,0,0,0,0,0,0.5,0,0,0.5,0.5,-0.52,0,-0.56,-0.56,0.04,0.424264068711929,2000,0,0,0,0,1000,0,0,1000,1000,1000,NA,NA,NA,NA,1000,NA,NA,1000,1000
"117","36061009200",1994,8,4450,556.25,0,0,8,1,1,0,0,0.25,0.75,0,0,1,0.26,0,0.39375,0.39375,-0.13375,0.808772217623726,0,4450,0,1000,0,700,3750,0,0,4450,NA,556.25,NA,1000,NA,350,625,NA,NA,556.25
"118","36061011203",1994,1,2500,2500,1,1,0,0,0,0,0,0,0,0,1,0,-0.93,NA,0,0,0,NA,2500,0,0,0,0,0,0,0,2500,0,2500,NA,NA,NA,NA,NA,NA,NA,2500,NA
"119","36061012600",1994,4,2250,562.5,1,4,0,0,4,0,0,1,0,0,0,0.25,-1.02,0,-0.6,-0.6,-0.42,0.1,2250,0,0,2250,0,2250,0,0,0,1000,562.5,NA,NA,562.5,NA,562.5,NA,NA,NA,1000
"120","36061013600",1994,1,250,250,1,1,0,0,0,0,0,1,0,0,0,1,-1.02,NA,-0.86,-0.86,-0.16,NA,250,0,0,0,0,250,0,0,0,250,250,NA,NA,NA,NA,250,NA,NA,NA,250
"121","36061016100",1994,1,500,500,1,1,0,0,0,0,0,1,0,0,0,0,-0.64,NA,-0.24,-0.24,-0.4,NA,500,0,0,0,0,500,0,0,0,0,500,NA,NA,NA,NA,500,NA,NA,NA,NA
"122","36111950100",1994,1,890,890,1,1,0,0,0,0,0,0,0,0,1,0,-1.34,NA,-1.23,-1.23,-0.11,NA,890,0,0,0,0,0,0,0,890,0,890,NA,NA,NA,NA,NA,NA,NA,890,NA
"123","37183050500",1994,1,250,250,1,1,0,0,0,0,0,1,0,0,0,1,-1.2,NA,-0.86,-0.86,-0.34,NA,250,0,0,0,0,250,0,0,0,250,250,NA,NA,NA,NA,250,NA,NA,NA,250
"124","39025040600",1994,17,7500,441.176470588235,0,0,17,1,0,0,0,0.529411764705882,0.470588235294118,0,0,1,0.26,0,0.128235294117647,0.128235294117647,0.131764705882353,0.835039185413757,0,7500,0,0,0,4250,3250,0,0,7500,NA,441.176470588235,NA,NA,NA,472.222222222222,406.25,NA,NA,441.176470588235
"125","39035131102",1994,1,500,500,1,1,0,0,0,0,0,1,0,0,0,1,-0.63,NA,-0.57,-0.57,-0.0600000000000001,NA,500,0,0,0,0,500,0,0,0,500,500,NA,NA,NA,NA,500,NA,NA,NA,500
"126","39035170102",1994,1,1000,1000,1,1,0,0,0,0,0,0,1,0,0,0,1.2,NA,0.53,0.53,0.67,NA,1000,0,0,0,0,0,1000,0,0,0,1000,NA,NA,NA,NA,NA,1000,NA,NA,NA
"127","39049006310",1994,1,500,500,1,1,0,0,0,0,0,1,0,0,0,0,-1,NA,-0.86,-0.86,-0.14,NA,500,0,0,0,0,500,0,0,0,0,500,NA,NA,NA,NA,500,NA,NA,NA,NA
"128","39073964900",1994,1,200,200,1,1,0,0,0,0,0,0,1,0,0,0,1,NA,0.96,0.96,0.04,NA,200,0,0,0,0,0,200,0,0,0,200,NA,NA,NA,NA,NA,200,NA,NA,NA
"129","39099813700",1994,2,2000,1000,1,2,0,0,0,0,0,1,0,0,0,0,-0.68,0,-1.015,-1.015,0.335,0.275771644662754,2000,0,0,0,0,2000,0,0,0,0,1000,NA,NA,NA,NA,1000,NA,NA,NA,NA
"130","39113130102",1994,1,1000,1000,1,1,0,0,0,0,0,0,1,0,0,0,-0.08,NA,0.54,0.54,-0.62,NA,1000,0,0,0,0,0,1000,0,0,0,1000,NA,NA,NA,NA,NA,1000,NA,NA,NA
"131","40037020704",1994,5,60,12,1,5,0,0,0,0,0,0,0,0,1,0,0.23,0,0.23,0.23,0,0,60,0,0,0,0,0,0,0,60,0,12,NA,NA,NA,NA,NA,NA,NA,12,NA
"132","40143000800",1994,1,300,300,1,1,0,0,0,0,0,0,0,0,1,0,-0.87,NA,-0.38,-0.38,-0.49,NA,300,0,0,0,0,0,0,0,300,0,300,NA,NA,NA,NA,NA,NA,NA,300,NA
"133","41003010200",1994,1,250,250,1,1,0,0,0,0,0,0,0,0,1,0,-1.01,NA,0,0,0,NA,250,0,0,0,0,0,0,0,250,0,250,NA,NA,NA,NA,NA,NA,NA,250,NA
"134","41005022606",1994,1,350,350,1,1,0,0,0,0,0,0,1,0,0,0,0.37,NA,0.37,0.37,0,NA,350,0,0,0,0,0,350,0,0,0,350,NA,NA,NA,NA,NA,350,NA,NA,NA
"135","41005024303",1994,16,11000,687.5,1,16,0,0,1,0,0,0.3125,0.5,0,0.1875,0.4375,0.84,0,0.47,0.47,0.37,0.754683156474733,11000,0,0,500,0,3000,3000,0,5000,3000,687.5,NA,NA,500,NA,600,375,NA,1666.66666666667,428.571428571429
"136","41019040000",1994,1,500,500,1,1,0,0,0,0,0,1,0,0,0,1,-0.95,NA,-0.86,-0.86,-0.09,NA,500,0,0,0,0,500,0,0,0,500,500,NA,NA,NA,NA,500,NA,NA,NA,500
"137","41035970600",1994,1,200,200,1,1,0,0,0,0,0,0,0,0,1,0,0,NA,0,0,0,NA,200,0,0,0,0,0,0,0,200,0,200,NA,NA,NA,NA,NA,NA,NA,200,NA
"138","41039000902",1994,1,96,96,0,0,0,0,0,0,0,1,0,0,0,1,-1.02,NA,-0.93,-0.93,-0.09,NA,0,0,0,0,0,96,0,0,0,96,NA,NA,NA,NA,NA,96,NA,NA,NA,96
"139","41051001201",1994,1,1000,1000,1,1,0,0,0,0,0,0,0,0,1,0,0,NA,0,0,0,NA,1000,0,0,0,0,0,0,0,1000,0,1000,NA,NA,NA,NA,NA,NA,NA,1000,NA
"140","41051005700",1994,1,300,300,0,0,0,0,0,0,0,1,0,0,0,1,-0.21,NA,-0.71,-0.71,0.5,NA,0,0,0,0,0,300,0,0,0,300,NA,NA,NA,NA,NA,300,NA,NA,NA,300
"141","41051010402",1994,1,1000,1000,0,0,1,1,0,0,0,0,1,0,0,0,0.1,NA,0.12,0.12,-0.02,NA,0,1000,0,0,0,0,1000,0,0,0,NA,1000,NA,NA,NA,NA,1000,NA,NA,NA
"142","41067030803",1994,1,5000,5000,1,1,0,0,0,0,0,0,0,0,1,0,0.05,NA,0,0,0,NA,5000,0,0,0,0,0,0,0,5000,0,5000,NA,NA,NA,NA,NA,NA,NA,5000,NA
"143","42045407902",1994,1,1000,1000,1,1,0,0,0,0,0,0,1,0,0,0,0.46,NA,0.46,0.46,0,NA,1000,0,0,0,0,0,1000,0,0,0,1000,NA,NA,NA,NA,NA,1000,NA,NA,NA
"144","42045409602",1994,1,275,275,1,1,0,0,0,0,0,0,0,0,1,0,-1.09,NA,-1,-1,-0.0900000000000001,NA,275,0,0,0,0,0,0,0,275,0,275,NA,NA,NA,NA,NA,NA,NA,275,NA
"145","42101000803",1994,1,250,250,1,1,0,0,0,0,0,0,1,0,0,0,-0.19,NA,0.46,0.46,-0.65,NA,250,0,0,0,0,0,250,0,0,0,250,NA,NA,NA,NA,NA,250,NA,NA,NA
"146","45029970800",1994,1,250,250,1,1,0,0,0,0,0,0,0,0,1,0,0.42,NA,0,0,0,NA,250,0,0,0,0,0,0,0,250,0,250,NA,NA,NA,NA,NA,NA,NA,250,NA
"147","45063020506",1994,1,300,300,1,1,0,0,0,0,0,0,0,0,1,0,1.25,NA,1.19,1.19,0.0600000000000001,NA,300,0,0,0,0,0,0,0,300,0,300,NA,NA,NA,NA,NA,NA,NA,300,NA
"148","47155080300",1994,1,1000,1000,1,1,0,0,0,0,0,0,0,0,1,0,-0.78,NA,-1.17,-1.17,0.39,NA,1000,0,0,0,0,0,0,0,1000,0,1000,NA,NA,NA,NA,NA,NA,NA,1000,NA
"149","47177930400",1994,1,500,500,1,1,0,0,0,0,0,0,0,0,1,0,0.46,NA,0.73,0.73,-0.27,NA,500,0,0,0,0,0,0,0,500,0,500,NA,NA,NA,NA,NA,NA,NA,500,NA
"150","48029110100",1994,2,550,275,1,2,0,0,0,0,0,0,0,0,1,0,0.27,0,0.27,0.27,0,0,550,0,0,0,0,0,0,0,550,0,275,NA,NA,NA,NA,NA,NA,NA,275,NA
"151","48061012507",1994,1,500,500,1,1,0,0,0,0,0,0,1,0,0,0,1.13,NA,1.08,1.08,0.0499999999999998,NA,500,0,0,0,0,0,500,0,0,0,500,NA,NA,NA,NA,NA,500,NA,NA,NA
"152","48085031648",1994,1,350,350,1,1,0,0,0,0,0,0,0,0,1,0,1.06,NA,0,0,0,NA,350,0,0,0,0,0,0,0,350,0,350,NA,NA,NA,NA,NA,NA,NA,350,NA
"153","48201330301",1994,2,2000,1000,1,2,0,0,0,1,0,0,1,0,0,1,0.98,0.311126983722081,0.83,0.83,0.15,0.311126983722081,2000,0,1000,0,0,0,2000,0,0,2000,1000,NA,1000,NA,NA,NA,1000,NA,NA,1000
"154","48201430400",1994,1,1000,1000,1,1,0,0,0,0,0,0,1,0,0,0,1.05,NA,1,1,0.05,NA,1000,0,0,0,0,0,1000,0,0,0,1000,NA,NA,NA,NA,NA,1000,NA,NA,NA
"155","48201450300",1994,2,800,400,1,2,0,0,0,0,0,0,0,0,1,0,1.08,0,0,0,0,0,800,0,0,0,0,0,0,0,800,0,400,NA,NA,NA,NA,NA,NA,NA,400,NA
"156","48491020405",1994,154,194550,1263.31168831169,0,0,0,0,0,0,0,0.590909090909091,0.324675324675325,0,0.0844155844155844,0.207792207792208,0.33,0,0.0474675324675325,0.0474675324675325,0.28038961038961,0.627970986296272,0,0,0,0,0,88250,39500,0,66800,40500,NA,NA,NA,NA,NA,969.78021978022,790,NA,5138.46153846154,1265.625
"157","49011125908",1994,1,500,500,1,1,0,0,0,0,0,1,0,0,0,0,-1.15,NA,-0.78,-0.78,-0.37,NA,500,0,0,0,0,500,0,0,0,0,500,NA,NA,NA,NA,500,NA,NA,NA,NA
"158","49035112613",1994,1,963,963,1,1,0,0,0,0,0,0,0,0,1,0,0,NA,0,0,0,NA,963,0,0,0,0,0,0,0,963,0,963,NA,NA,NA,NA,NA,NA,NA,963,NA
"159","49035113701",1994,1,500,500,1,1,0,0,0,0,0,1,0,0,0,0,-0.76,NA,-0.68,-0.68,-0.08,NA,500,0,0,0,0,500,0,0,0,0,500,NA,NA,NA,NA,500,NA,NA,NA,NA
"160","50017959500",1994,1,1000,1000,1,1,0,0,0,0,0,1,0,0,0,1,-0.74,NA,-0.8,-0.8,0.0600000000000001,NA,1000,0,0,0,0,1000,0,0,0,1000,1000,NA,NA,NA,NA,1000,NA,NA,NA,1000
"161","50027965400",1994,2,200,100,1,2,0,0,0,0,0,1,0,0,0,0,-0.3,0.5939696961967,-0.49,-0.49,0.19,0.367695526217005,200,0,0,0,0,200,0,0,0,0,100,NA,NA,NA,NA,100,NA,NA,NA,NA
"162","51031020500",1994,1,300,300,1,1,0,0,0,0,0,0,0,0,1,0,-2,NA,-1.85,-1.85,-0.15,NA,300,0,0,0,0,0,0,0,300,0,300,NA,NA,NA,NA,NA,NA,NA,300,NA
"163","51059422102",1994,1,300,300,1,1,0,0,0,0,0,0,0,0,1,0,0,NA,0,0,0,NA,300,0,0,0,0,0,0,0,300,0,300,NA,NA,NA,NA,NA,NA,NA,300,NA
"164","51059430202",1994,1,1000,1000,1,1,0,0,0,0,0,0,1,0,0,0,0.33,NA,0.33,0.33,0,NA,1000,0,0,0,0,0,1000,0,0,0,1000,NA,NA,NA,NA,NA,1000,NA,NA,NA
"165","51059440600",1994,1,250,250,0,0,0,0,0,0,0,0,1,0,0,1,0.7,NA,0.86,0.86,-0.16,NA,0,0,0,0,0,0,250,0,0,250,NA,NA,NA,NA,NA,NA,250,NA,NA,250
"166","51059450602",1994,1,500,500,1,1,0,0,0,0,0,0,0,0,1,0,0,NA,0,0,0,NA,500,0,0,0,0,0,0,0,500,0,500,NA,NA,NA,NA,NA,NA,NA,500,NA
"167","51059450701",1994,2,500,250,1,2,0,0,0,0,0,0,0,0,1,0,-1.09,0,-1.065,-1.065,-0.0250000000000001,0.275771644662754,500,0,0,0,0,0,0,0,500,0,250,NA,NA,NA,NA,NA,NA,NA,250,NA
"168","51059451300",1994,1,1000,1000,1,1,0,0,0,0,0,1,0,0,0,0,-0.76,NA,-0.68,-0.68,-0.08,NA,1000,0,0,0,0,1000,0,0,0,0,1000,NA,NA,NA,NA,1000,NA,NA,NA,NA
"169","51059460400",1994,1,500,500,1,1,0,0,0,0,0,0,1,0,0,0,0.33,NA,0.33,0.33,0,NA,500,0,0,0,0,0,500,0,0,0,500,NA,NA,NA,NA,NA,500,NA,NA,NA
"170","51059461100",1994,1,1000,1000,1,1,0,0,0,0,0,1,0,0,0,0,-0.39,NA,-0.7,-0.7,0.31,NA,1000,0,0,0,0,1000,0,0,0,0,1000,NA,NA,NA,NA,1000,NA,NA,NA,NA
"171","51059470600",1994,2,1000,500,1,2,0,0,0,0,0,1,0,0,0,0.5,-0.405,0.51618795026618,-0.155,-0.155,-0.25,0.254558441227157,1000,0,0,0,0,1000,0,0,0,500,500,NA,NA,NA,NA,500,NA,NA,NA,500
"172","51059480402",1994,3,925,308.333333333333,1,3,0,0,0,0,0,1,0,0,0,0.666666666666667,-0.726666666666667,0.260832002126528,-0.653333333333333,-0.653333333333333,-0.0733333333333333,0.0208166599946613,925,0,0,0,0,925,0,0,0,700,308.333333333333,NA,NA,NA,NA,308.333333333333,NA,NA,NA,350
"173","51059492100",1994,1,250,250,1,1,0,0,0,0,0,0,0,0,1,0,-0.69,NA,-0.62,-0.62,-0.07,NA,250,0,0,0,0,0,0,0,250,0,250,NA,NA,NA,NA,NA,NA,NA,250,NA
"174","51061930100",1994,1,450,450,1,1,0,0,0,0,0,1,0,0,0,1,-0.81,NA,-0.33,-0.33,-0.48,NA,450,0,0,0,0,450,0,0,0,450,450,NA,NA,NA,NA,450,NA,NA,NA,450
"175","51153901223",1994,1,300,300,1,1,0,0,0,0,0,1,0,0,0,0,0.32,NA,0.32,0.32,0,NA,300,0,0,0,0,300,0,0,0,0,300,NA,NA,NA,NA,300,NA,NA,NA,NA
"176","51153901224",1994,3,1500,500,1,3,0,0,0,0,0,1,0,0,0,0.333333333333333,-0.33,0,-0.39,-0.39,0.06,0,1500,0,0,0,0,1500,0,0,0,500,500,NA,NA,NA,NA,500,NA,NA,NA,500
"177","51155210202",1994,2,6000,3000,1,2,0,0,0,0,0,0,0.5,0,0.5,0.5,0.8,0.466690475583121,0.97,0.97,-0.17,0.268700576850888,6000,0,0,0,0,0,1000,0,5000,1000,3000,NA,NA,NA,NA,NA,1000,NA,5000,1000
"178","51510200500",1994,1,500,500,1,1,0,0,0,0,0,0,1,0,0,0,0.89,NA,0.86,0.86,0.03,NA,500,0,0,0,0,0,500,0,0,0,500,NA,NA,NA,NA,NA,500,NA,NA,NA
"179","51580060100",1994,1,-1000,-1000,1,1,0,0,0,0,0,0,0,0,1,0,0.73,NA,0,0,0,NA,-1000,0,0,0,0,0,0,0,-1000,0,-1000,NA,NA,NA,NA,NA,NA,NA,-1000,NA
"180","51590000700",1994,1,1000,1000,1,1,0,0,0,0,0,0,0,0,1,0,0.22,NA,0.11,0.11,0.11,NA,1000,0,0,0,0,0,0,0,1000,0,1000,NA,NA,NA,NA,NA,NA,NA,1000,NA
"181","51600300300",1994,7,900,128.571428571429,0,0,0,0,0,0,0,0.142857142857143,0.857142857142857,0,0,1,0.7,0,0.195714285714286,0.195714285714286,0.504285714285714,0.589882958528134,0,0,0,0,0,100,800,0,0,900,NA,NA,NA,NA,NA,100,133.333333333333,NA,NA,128.571428571429
"182","51810045601",1994,1,1000,1000,1,1,0,0,0,0,0,1,0,0,0,0,-0.96,NA,-0.87,-0.87,-0.09,NA,1000,0,0,0,0,1000,0,0,0,0,1000,NA,NA,NA,NA,1000,NA,NA,NA,NA
"183","53005010500",1994,1,1000,1000,1,1,0,0,1,0,0,1,0,0,0,0,-0.58,NA,-0.8,-0.8,0.22,NA,1000,0,0,1000,0,1000,0,0,0,0,1000,NA,NA,1000,NA,1000,NA,NA,NA,NA
"184","53033005600",1994,1,975,975,1,1,0,0,0,0,0,0,0,0,1,0,1.25,NA,1.19,1.19,0.0600000000000001,NA,975,0,0,0,0,0,0,0,975,0,975,NA,NA,NA,NA,NA,NA,NA,975,NA
"185","53033008100",1994,1,1500,1500,1,1,0,0,0,0,0,0,0,0,1,0,-0.44,NA,1.11,1.11,-1.55,NA,1500,0,0,0,0,0,0,0,1500,0,1500,NA,NA,NA,NA,NA,NA,NA,1500,NA
"186","53033010900",1994,1,500,500,1,1,0,0,0,0,0,1,0,0,0,1,-0.95,NA,-0.86,-0.86,-0.09,NA,500,0,0,0,0,500,0,0,0,500,500,NA,NA,NA,NA,500,NA,NA,NA,500
"187","53033023700",1994,1,1000,1000,1,1,0,0,0,0,0,1,0,0,0,1,-0.75,NA,-0.67,-0.67,-0.08,NA,1000,0,0,0,0,1000,0,0,0,1000,1000,NA,NA,NA,NA,1000,NA,NA,NA,1000
"188","53033030600",1994,2,1350,675,1,2,0,0,0,0,0,0,0,0,1,0,-0.595,0.841457069611992,0,0,0,0,1350,0,0,0,0,0,0,0,1350,0,675,NA,NA,NA,NA,NA,NA,NA,675,NA
"189","53049950700",1994,1,100,100,1,1,0,0,0,0,0,1,0,0,0,0,-0.92,NA,-0.48,-0.48,-0.44,NA,100,0,0,0,0,100,0,0,0,0,100,NA,NA,NA,NA,100,NA,NA,NA,NA
"190","53057950900",1994,1,1000,1000,1,1,0,0,1,0,0,0,1,0,0,1,0.93,NA,0.83,0.83,0.1,NA,1000,0,0,1000,0,0,1000,0,0,1000,1000,NA,NA,1000,NA,NA,1000,NA,NA,1000
"191","53057951100",1994,1,1000,1000,1,1,0,0,0,0,0,1,0,0,0,1,-0.88,NA,-0.95,-0.95,0.07,NA,1000,0,0,0,0,1000,0,0,0,1000,1000,NA,NA,NA,NA,1000,NA,NA,NA,1000
"192","53057952200",1994,1,100,100,1,1,0,0,0,0,0,1,0,0,0,1,-1.19,NA,-1.09,-1.09,-0.0999999999999999,NA,100,0,0,0,0,100,0,0,0,100,100,NA,NA,NA,NA,100,NA,NA,NA,100
"193","53061050401",1994,1,100,100,1,1,0,0,1,0,0,0,1,0,0,1,0.9,NA,0.87,0.87,0.03,NA,100,0,0,100,0,0,100,0,0,100,100,NA,NA,100,NA,NA,100,NA,NA,100
"194","53063012300",1994,1,5000,5000,1,1,0,0,0,0,0,0,0,0,1,0,-0.91,NA,-0.87,-0.87,-0.04,NA,5000,0,0,0,0,0,0,0,5000,0,5000,NA,NA,NA,NA,NA,NA,NA,5000,NA
"195","53067012212",1994,1,500,500,1,1,0,0,0,0,0,0,0,0,1,1,1.19,NA,0.89,0.89,0.3,NA,500,0,0,0,0,0,0,0,500,500,500,NA,NA,NA,NA,NA,NA,NA,500,500
"196","53073001202",1994,1,500,500,1,1,0,0,0,0,0,0,1,0,0,1,-0.12,NA,1.1,1.1,-1.22,NA,500,0,0,0,0,0,500,0,0,500,500,NA,NA,NA,NA,NA,500,NA,NA,500
"197","53073010600",1994,1,450,450,1,1,0,0,0,0,0,0,0,0,1,0,1.05,NA,0,0,0,NA,450,0,0,0,0,0,0,0,450,0,450,NA,NA,NA,NA,NA,NA,NA,450,NA
"198","53075000800",1994,1,500,500,1,1,0,0,1,0,0,0,0,0,1,0,-0.45,NA,0,0,0,NA,500,0,0,500,0,0,0,0,500,0,500,NA,NA,500,NA,NA,NA,NA,500,NA
"199","53077002801",1994,2,750,375,1,2,0,0,0,0,0,0.5,0.5,0,0,0.5,0.05,1.34350288425444,0.07,0.07,-0.02,0.0848528137423858,750,0,0,0,0,500,250,0,0,250,375,NA,NA,NA,NA,500,250,NA,NA,250
"200","54039000900",1994,2,500,250,1,2,0,0,0,0,0,0,1,0,0,0,0.81,0,0.78,0.78,0.03,0,500,0,0,0,0,0,500,0,0,0,250,NA,NA,NA,NA,NA,250,NA,NA,NA
"201","55051180300",1994,1,100,100,1,1,0,0,1,0,0,0,0,0,0,1,-0.63,NA,1.3,1.3,-1.93,NA,100,0,0,100,0,0,0,0,0,100,100,NA,NA,100,NA,NA,NA,NA,NA,100
"202","55121100100",1994,2,750,375,0,0,2,1,0,0,0,0.5,0.5,0,0,1,0.2,0,0.325,0.325,-0.125,1.18086832458153,0,750,0,0,0,250,500,0,0,750,NA,375,NA,NA,NA,250,500,NA,NA,375
"203","56007968100",1994,1,500,500,1,1,0,0,0,0,0,0,0,0,1,0,0,NA,0,0,0,NA,500,0,0,0,0,0,0,0,500,0,500,NA,NA,NA,NA,NA,NA,NA,500,NA
"204","56009956600",1994,1,500,500,1,1,0,0,0,0,0,0,1,0,0,0,0.91,NA,0.89,0.89,0.02,NA,500,0,0,0,0,0,500,0,0,0,500,NA,NA,NA,NA,NA,500,NA,NA,NA
"205","56019955100",1994,1,375,375,1,1,0,0,0,0,0,0,1,0,0,0,0.92,NA,0.89,0.89,0.03,NA,375,0,0,0,0,0,375,0,0,0,375,NA,NA,NA,NA,NA,375,NA,NA,NA
"206","56025001401",1994,1,500,500,1,1,0,0,0,0,0,0,1,0,0,0,0.92,NA,0.89,0.89,0.03,NA,500,0,0,0,0,0,500,0,0,0,500,NA,NA,NA,NA,NA,500,NA,NA,NA
