"","censustract","yr","count","aTot","aMean","pIndv","nIndv","nCorp","pCorp","nIndvTech","nIndvBigTech","nCorpBigTech","pDemRec","pRepRec","pIndRec","pComRec","pGen","meanContCF","rangeContCF","meanCandCF","rangeCandCF","meanCFDiff","rangeCFDiff","aIndv","aCorp","aIndvBigTech","aIndvTech","aCorpTech","aDemRec","aRepRec","aIndRec","aComRec","aGen","mIndv","mCorp","mIndvBigTech","mIndvTech","mCorpTech","mDemRec","mRepRec","mIndRec","mComRec","mGen"
"1","0",1990,351,191078,544.381766381766,0.703703703703704,247,63,0.179487179487179,14,1,0,0.341880341880342,0.433048433048433,0,0.361823361823362,0,0.221880341880342,0.772184950040855,0.224615384615385,0.224615384615385,0.00438746438746436,0.339747987715447,113947,41400,1000,10348,0,72606,70464,0,77040,0,461.323886639676,657.142857142857,1000,739.142857142857,NA,605.05,463.578947368421,NA,606.614173228346,NA
"2","02122000300",1990,1,200,200,1,1,0,0,0,0,0,1,0,0,0,0,0.62,NA,-0.48,-0.48,1.1,NA,200,0,0,0,0,200,0,0,0,0,200,NA,NA,NA,NA,200,NA,NA,NA,NA
"3","02261000100",1990,1,250,250,1,1,0,0,1,0,0,1,0,0,0,0,-0.55,NA,-0.57,-0.57,0.0199999999999999,NA,250,0,0,250,0,250,0,0,0,0,250,NA,NA,250,NA,250,NA,NA,NA,NA
"4","04013105900",1990,1,300,300,1,1,0,0,0,0,0,0,0,0,1,0,0,NA,0,0,0,NA,300,0,0,0,0,0,0,0,300,0,300,NA,NA,NA,NA,NA,NA,NA,300,NA
"5","04013420705",1990,1,200,200,1,1,0,0,0,0,0,0,0,0,1,0,0,NA,0,0,0,NA,200,0,0,0,0,0,0,0,200,0,200,NA,NA,NA,NA,NA,NA,NA,200,NA
"6","04013613400",1990,5,13250,2650,1,5,0,0,4,0,0,0.2,0.2,0,0.6,0,0.86,0,0.488,0.488,0.2,0.351710107901379,13250,0,0,8250,0,500,750,0,12000,0,2650,NA,NA,2062.5,NA,500,750,NA,4000,NA
"7","04021000310",1990,1,300,300,1,1,0,0,0,0,0,0,1,0,0,0,0.86,NA,0.62,0.62,0.24,NA,300,0,0,0,0,0,300,0,0,0,300,NA,NA,NA,NA,NA,300,NA,NA,NA
"8","04027011201",1990,1,3000,3000,1,1,0,0,0,0,0,0,0,0,0,0,-0.39,NA,0.11,0.11,-0.5,NA,3000,0,0,0,0,0,0,0,0,0,3000,NA,NA,NA,NA,NA,NA,NA,NA,NA
"9","08005006000",1990,1,1000,1000,1,1,0,0,1,0,0,0,0,0,1,0,0,NA,0,0,0,NA,1000,0,0,1000,0,0,0,0,1000,0,1000,NA,NA,1000,NA,NA,NA,NA,1000,NA
"10","08005006856",1990,3,1550,516.666666666667,1,3,0,0,0,0,0,0.333333333333333,0.333333333333333,0,0.333333333333333,0,0.246666666666667,0.516268663907982,0.0433333333333333,0.0433333333333333,0.203333333333333,0.32654759734736,1550,0,0,0,0,1000,300,0,250,0,516.666666666667,NA,NA,NA,NA,1000,300,NA,250,NA
"11","08005081500",1990,1,-1000,-1000,1,1,0,0,0,0,0,0,1,0,0,0,0.86,NA,0.59,0.59,0.27,NA,-1000,0,0,0,0,0,-1000,0,0,0,-1000,NA,NA,NA,NA,NA,-1000,NA,NA,NA
"12","08005085200",1990,1,500,500,1,1,0,0,0,0,0,1,0,0,0,0,-0.22,NA,-0.18,-0.18,-0.04,NA,500,0,0,0,0,500,0,0,0,0,500,NA,NA,NA,NA,500,NA,NA,NA,NA
"13","08035014504",1990,1,1000,1000,1,1,0,0,0,0,0,0,1,0,0,0,0.7,NA,0.68,0.68,0.0199999999999999,NA,1000,0,0,0,0,0,1000,0,0,0,1000,NA,NA,NA,NA,NA,1000,NA,NA,NA
"14","09001050200",1990,1,400,400,1,1,0,0,0,0,0,0,0,0,1,0,0,NA,0,0,0,NA,400,0,0,0,0,0,0,0,400,0,400,NA,NA,NA,NA,NA,NA,NA,400,NA
"15","09003510200",1990,1,1000,1000,1,1,0,0,1,0,0,1,0,0,0,0,0.21,NA,-0.54,-0.54,0.75,NA,1000,0,0,1000,0,1000,0,0,0,0,1000,NA,NA,1000,NA,1000,NA,NA,NA,NA
"16","11001000300",1990,7,3500,500,1,7,0,0,0,0,0,0.714285714285714,0.285714285714286,0,0,0,-0.4,0,-0.187142857142857,-0.187142857142857,-0.212857142857143,0.355936056322588,3500,0,0,0,0,2500,1000,0,0,0,500,NA,NA,NA,NA,500,500,NA,NA,NA
"17","11001005600",1990,1,550,550,1,1,0,0,0,0,0,0,0,0,1,0,-0.69,NA,0,0,0,NA,550,0,0,0,0,0,0,0,550,0,550,NA,NA,NA,NA,NA,NA,NA,550,NA
"18","11001007200",1990,1,500,500,1,1,0,0,0,0,0,0,1,0,0,0,0.75,NA,0.68,0.68,0.07,NA,500,0,0,0,0,0,500,0,0,0,500,NA,NA,NA,NA,NA,500,NA,NA,NA
"19","12015030501",1990,1,200,200,1,1,0,0,0,0,0,0,1,0,1,0,1.16,NA,1.11,1.11,0.0499999999999998,NA,200,0,0,0,0,0,200,0,200,0,200,NA,NA,NA,NA,NA,200,NA,200,NA
"20","12055960502",1990,1,250,250,1,1,0,0,0,0,0,0,1,0,1,0,1.24,NA,1.18,1.18,0.0600000000000001,NA,250,0,0,0,0,0,250,0,250,0,250,NA,NA,NA,NA,NA,250,NA,250,NA
"21","12081001107",1990,1,500,500,1,1,0,0,0,0,0,0,1,0,1,0,1.13,NA,1.08,1.08,0.0499999999999998,NA,500,0,0,0,0,0,500,0,500,0,500,NA,NA,NA,NA,NA,500,NA,500,NA
"22","12085001801",1990,3,1600,533.333333333333,1,3,0,0,0,0,0,0,1,0,1,0,1.17666666666667,0.0568624070307733,1.12333333333333,1.12333333333333,0.0533333333333332,0.00577350269189639,1600,0,0,0,0,0,1600,0,1600,0,533.333333333333,NA,NA,NA,NA,NA,533.333333333333,NA,533.333333333333,NA
"23","12099005407",1990,1,200,200,1,1,0,0,0,0,0,1,0,0,0,0,-0.54,NA,-0.57,-0.57,0.0299999999999999,NA,200,0,0,0,0,200,0,0,0,0,200,NA,NA,NA,NA,200,NA,NA,NA,NA
"24","12103025900",1990,1,-1000,-1000,1,1,0,0,0,0,0,1,0,0,0,0,-0.01,NA,-0.03,-0.03,0.02,NA,-1000,0,0,0,0,-1000,0,0,0,0,-1000,NA,NA,NA,NA,-1000,NA,NA,NA,NA
"25","12103026816",1990,1,550,550,1,1,0,0,0,0,0,0,1,0,1,0,1.16,NA,1.11,1.11,0.0499999999999998,NA,550,0,0,0,0,0,550,0,550,0,550,NA,NA,NA,NA,NA,550,NA,550,NA
"26","12111382006",1990,1,300,300,1,1,0,0,0,0,0,0,1,0,1,0,1.16,NA,1.08,1.08,0.0799999999999998,NA,300,0,0,0,0,0,300,0,300,0,300,NA,NA,NA,NA,NA,300,NA,300,NA
"27","12115000101",1990,1,500,500,1,1,0,0,0,0,0,1,0,0,0,0,-0.63,NA,-0.79,-0.79,0.16,NA,500,0,0,0,0,500,0,0,0,0,500,NA,NA,NA,NA,500,NA,NA,NA,NA
"28","12115000102",1990,1,250,250,1,1,0,0,0,0,0,0,0,0,1,0,0,NA,0,0,0,NA,250,0,0,0,0,0,0,0,250,0,250,NA,NA,NA,NA,NA,NA,NA,250,NA
"29","12115002714",1990,1,200,200,1,1,0,0,0,0,0,0,1,0,1,0,1.16,NA,1.11,1.11,0.0499999999999998,NA,200,0,0,0,0,0,200,0,200,0,200,NA,NA,NA,NA,NA,200,NA,200,NA
"30","13067030408",1990,1,200,200,1,1,0,0,0,0,0,1,0,0,0,0,-0.18,NA,-0.05,-0.05,-0.13,NA,200,0,0,0,0,200,0,0,0,0,200,NA,NA,NA,NA,200,NA,NA,NA,NA
"31","13089021602",1990,1,200,200,1,1,0,0,0,0,0,1,0,0,0,0,-1.08,NA,-0.57,-0.57,-0.51,NA,200,0,0,0,0,200,0,0,0,0,200,NA,NA,NA,NA,200,NA,NA,NA,NA
"32","13151070106",1990,1,200,200,1,1,0,0,0,0,0,0,0,0,1,0,0,NA,0,0,0,NA,200,0,0,0,0,0,0,0,200,0,200,NA,NA,NA,NA,NA,NA,NA,200,NA
"33","13185011200",1990,2,500,250,1,2,0,0,1,0,0,1,0,0,0,0,-0.915,0.190918830920368,-0.64,-0.64,-0.275,0.190918830920368,500,0,0,250,0,500,0,0,0,0,250,NA,NA,250,NA,250,NA,NA,NA,NA
"34","13245000900",1990,1,500,500,1,1,0,0,0,0,0,1,0,0,0,0,-0.3,NA,-0.26,-0.26,-0.04,NA,500,0,0,0,0,500,0,0,0,0,500,NA,NA,NA,NA,500,NA,NA,NA,NA
"35","15001022102",1990,1,400,400,1,1,0,0,0,0,0,0,0,0,1,0,0,NA,0,0,0,NA,400,0,0,0,0,0,0,0,400,0,400,NA,NA,NA,NA,NA,NA,NA,400,NA
"36","18097380501",1990,1,2500,2500,1,1,0,0,0,0,0,0,0,0,1,0,-0.82,NA,0,0,0,NA,2500,0,0,0,0,0,0,0,2500,0,2500,NA,NA,NA,NA,NA,NA,NA,2500,NA
"37","19125030100",1990,1,3000,3000,1,1,0,0,0,0,0,0,0,0,1,0,-0.01,NA,0,0,0,NA,3000,0,0,0,0,0,0,0,3000,0,3000,NA,NA,NA,NA,NA,NA,NA,3000,NA
"38","21089040300",1990,1,1000,1000,1,1,0,0,0,0,0,1,0,0,0,0,-0.73,NA,-0.57,-0.57,-0.16,NA,1000,0,0,0,0,1000,0,0,0,0,1000,NA,NA,NA,NA,1000,NA,NA,NA,NA
"39","21195931100",1990,1,300,300,1,1,0,0,0,0,0,1,0,0,0,0,-0.48,NA,-0.39,-0.39,-0.09,NA,300,0,0,0,0,300,0,0,0,0,300,NA,NA,NA,NA,300,NA,NA,NA,NA
"40","21199930402",1990,1,500,500,1,1,0,0,0,0,0,0,1,0,0,0,0.34,NA,0.59,0.59,-0.25,NA,500,0,0,0,0,0,500,0,0,0,500,NA,NA,NA,NA,NA,500,NA,NA,NA
"41","22025000300",1990,1,250,250,1,1,0,0,0,0,0,1,0,0,0,0,-0.38,NA,-0.33,-0.33,-0.05,NA,250,0,0,0,0,250,0,0,0,0,250,NA,NA,NA,NA,250,NA,NA,NA,NA
"42","22095070100",1990,1,1000,1000,1,1,0,0,0,0,0,0,1,0,0,0,0.83,NA,0.8,0.8,0.0299999999999999,NA,1000,0,0,0,0,0,1000,0,0,0,1000,NA,NA,NA,NA,NA,1000,NA,NA,NA
"43","22103041211",1990,1,200,200,1,1,0,0,0,0,0,0,0,0,1,0,0,NA,0,0,0,NA,200,0,0,0,0,0,0,0,200,0,200,NA,NA,NA,NA,NA,NA,NA,200,NA
"44","23005002002",1990,1,300,300,1,1,0,0,0,0,0,1,0,0,1,0,-1.22,NA,-1.17,-1.17,-0.05,NA,300,0,0,0,0,300,0,0,300,0,300,NA,NA,NA,NA,300,NA,NA,300,NA
"45","23005017304",1990,1,700,700,1,1,0,0,0,0,0,0,0,0,1,0,-0.51,NA,0,0,0,NA,700,0,0,0,0,0,0,0,700,0,700,NA,NA,NA,NA,NA,NA,NA,700,NA
"46","23015975600",1990,1,-33,-33,1,1,0,0,0,0,0,0,1,0,0,0,1.16,NA,1.1,1.1,0.0599999999999998,NA,-33,0,0,0,0,0,-33,0,0,0,-33,NA,NA,NA,NA,NA,-33,NA,NA,NA
"47","24031700901",1990,2,3000,1500,0.5,1,1,0.5,0,0,0,0,0.5,0,0,0,0.605,0.502045814642449,0.315,0.315,0.29,0.424264068711929,1000,2000,0,0,0,0,1000,0,0,0,1000,2000,NA,NA,NA,NA,1000,NA,NA,NA
"48","24031702900",1990,1,500,500,1,1,0,0,0,0,0,1,0,0,0,0,-0.82,NA,-0.75,-0.75,-0.07,NA,500,0,0,0,0,500,0,0,0,0,500,NA,NA,NA,NA,500,NA,NA,NA,NA
"49","24031705902",1990,1,25,25,1,1,0,0,0,0,0,0,0,0,0,0,0.13,NA,0.14,0.14,-0.01,NA,25,0,0,0,0,0,0,0,0,0,25,NA,NA,NA,NA,NA,NA,NA,NA,NA
"50","25003900400",1990,1,1000,1000,1,1,0,0,0,0,0,1,0,0,0,0,-0.22,NA,-0.57,-0.57,0.35,NA,1000,0,0,0,0,1000,0,0,0,0,1000,NA,NA,NA,NA,1000,NA,NA,NA,NA
"51","25025050901",1990,2,1250,625,1,2,0,0,0,0,0,0,0.5,0,0.5,0,-0.12,1.35764501987817,-0.12,-0.12,-5.55111512312578e-17,0.226274169979695,1250,0,0,0,0,0,1000,0,250,0,625,NA,NA,NA,NA,NA,1000,NA,250,NA
"52","25025070101",1990,1,200,200,1,1,0,0,0,0,0,1,0,0,0,0,-1.3,NA,-0.61,-0.61,-0.69,NA,200,0,0,0,0,200,0,0,0,0,200,NA,NA,NA,NA,200,NA,NA,NA,NA
"53","25027731700",1990,1,1000,1000,1,1,0,0,0,0,0,0,0,0,1,0,0,NA,0,0,0,NA,1000,0,0,0,0,0,0,0,1000,0,1000,NA,NA,NA,NA,NA,NA,NA,1000,NA
"54","25027751102",1990,1,500,500,1,1,0,0,0,0,0,1,0,0,0,0,-0.53,NA,-0.27,-0.27,-0.26,NA,500,0,0,0,0,500,0,0,0,0,500,NA,NA,NA,NA,500,NA,NA,NA,NA
"55","25027753100",1990,1,1000,1000,1,1,0,0,1,0,0,1,0,0,0,0,-0.18,NA,-0.27,-0.27,0.09,NA,1000,0,0,1000,0,1000,0,0,0,0,1000,NA,NA,1000,NA,1000,NA,NA,NA,NA
"56","26081001300",1990,1,5,5,1,1,0,0,0,0,0,0,0,0,0,0,0.13,NA,0.14,0.14,-0.01,NA,5,0,0,0,0,0,0,0,0,0,5,NA,NA,NA,NA,NA,NA,NA,NA,NA
"57","26111290700",1990,1,500,500,0,0,1,1,0,0,0,0,1,0,0,0,0.3,NA,0.63,0.63,-0.33,NA,0,500,0,0,0,0,500,0,0,0,NA,500,NA,NA,NA,NA,500,NA,NA,NA
"58","26125140500",1990,2,1400,700,1,2,0,0,0,0,0,0.5,0.5,0,0,0,-0.75,0,-0.015,-0.015,-0.735,0.784888527117068,1400,0,0,0,0,400,1000,0,0,0,700,NA,NA,NA,NA,400,1000,NA,NA,NA
"59","26125157900",1990,2,500,250,1,2,0,0,0,0,0,1,0,0,0,0,-0.63,0,-0.57,-0.57,-0.0600000000000001,0,500,0,0,0,0,500,0,0,0,0,250,NA,NA,NA,NA,250,NA,NA,NA,NA
"60","26125168100",1990,3,1450,483.333333333333,1,3,0,0,0,0,0,0.333333333333333,0.666666666666667,0,0.666666666666667,0,0.563333333333333,1.03345698184943,0.55,0.55,0.0133333333333332,0.0635085296108588,1450,0,0,0,0,200,1250,0,1250,0,483.333333333333,NA,NA,NA,NA,200,625,NA,625,NA
"61","28047001700",1990,1,1000,1000,1,1,0,0,0,0,0,0,1,0,1,0,1.32,NA,1.26,1.26,0.0600000000000001,NA,1000,0,0,0,0,0,1000,0,1000,0,1000,NA,NA,NA,NA,NA,1000,NA,1000,NA
"62","29113810304",1990,2,500,250,1,2,0,0,0,0,0,0,0,0,0,0,-0.74,0,0.14,0.14,-0.88,0,500,0,0,0,0,0,0,0,0,0,250,NA,NA,NA,NA,NA,NA,NA,NA,NA
"63","31055001800",1990,4,2500,625,0,0,4,1,0,0,0,0,1,0,0,0,0.2,0,0.35,0.35,-0.15,0.392598183048946,0,2500,0,0,0,0,2500,0,0,0,NA,625,NA,NA,NA,NA,625,NA,NA,NA
"64","32003005105",1990,4,2550,637.5,1,4,0,0,0,0,0,0.75,0,0,0.25,0,-0.595,0.03,-0.5525,-0.5525,-0.0425,0.16111590031196,2550,0,0,0,0,1550,0,0,1000,0,637.5,NA,NA,NA,NA,516.666666666667,NA,NA,1000,NA
"65","34007603501",1990,1,250,250,1,1,0,0,0,0,0,0,0,0,1,0,0,NA,0,0,0,NA,250,0,0,0,0,0,0,0,250,0,250,NA,NA,NA,NA,NA,NA,NA,250,NA
"66","34007604700",1990,1,3,3,1,1,0,0,0,0,0,0,0,0,0,0,0.13,NA,0.14,0.14,-0.01,NA,3,0,0,0,0,0,0,0,0,0,3,NA,NA,NA,NA,NA,NA,NA,NA,NA
"67","34007611400",1990,1,1000,1000,1,1,0,0,0,0,0,0,1,0,0,0,1.04,NA,0.44,0.44,0.6,NA,1000,0,0,0,0,0,1000,0,0,0,1000,NA,NA,NA,NA,NA,1000,NA,NA,NA
"68","34019010100",1990,1,500,500,1,1,0,0,0,0,0,0,1,0,0,0,0.78,NA,0.52,0.52,0.26,NA,500,0,0,0,0,0,500,0,0,0,500,NA,NA,NA,NA,NA,500,NA,NA,NA
"69","34023000802",1990,1,1000,1000,1,1,0,0,0,0,0,1,0,0,0,0,0.28,NA,0.28,0.28,0,NA,1000,0,0,0,0,1000,0,0,0,0,1000,NA,NA,NA,NA,1000,NA,NA,NA,NA
"70","34029722701",1990,1,1000,1000,1,1,0,0,0,0,0,0,1,0,0,0,0.64,NA,0.62,0.62,0.02,NA,1000,0,0,0,0,0,1000,0,0,0,1000,NA,NA,NA,NA,NA,1000,NA,NA,NA
"71","34039033800",1990,1,500,500,1,1,0,0,0,0,0,1,0,0,0,0,-0.38,NA,-0.33,-0.33,-0.05,NA,500,0,0,0,0,500,0,0,0,0,500,NA,NA,NA,NA,500,NA,NA,NA,NA
"72","34039038000",1990,2,800,400,1,2,0,0,0,0,0,0,1,0,1,0,1.22,0,1.08,1.08,0.14,0,800,0,0,0,0,0,800,0,800,0,400,NA,NA,NA,NA,NA,400,NA,400,NA
"73","36061003100",1990,2,3310,1655,1,2,0,0,0,0,0,0,1,0,1,0,1.12,0.0707106781186547,1.11,1.11,0.0099999999999999,0.0707106781186547,3310,0,0,0,0,0,3310,0,3310,0,1655,NA,NA,NA,NA,NA,1655,NA,1655,NA
"74","36061009200",1990,1,1000,1000,1,1,0,0,0,0,0,0,0,0,1,0,-0.52,NA,-0.26,-0.26,-0.26,NA,1000,0,0,0,0,0,0,0,1000,0,1000,NA,NA,NA,NA,NA,NA,NA,1000,NA
"75","36061015300",1990,2,800,400,1,2,0,0,0,0,0,1,0,0,0,0,-1.24,0,-0.765,-0.765,-0.475,0.205060966544099,800,0,0,0,0,800,0,0,0,0,400,NA,NA,NA,NA,400,NA,NA,NA,NA
"76","36061016100",1990,2,1000,500,1,2,0,0,0,0,0,1,0,0,0,0,-1.09,0,-0.91,-0.91,-0.18,0,1000,0,0,0,0,1000,0,0,0,0,500,NA,NA,NA,NA,500,NA,NA,NA,NA
"77","36105951600",1990,1,200,200,1,1,0,0,0,0,0,0,0,0,1,0,0,NA,0,0,0,NA,200,0,0,0,0,0,0,0,200,0,200,NA,NA,NA,NA,NA,NA,NA,200,NA
"78","37119005834",1990,1,250,250,1,1,0,0,0,0,0,0,1,0,1,0,1.17,NA,1.14,1.14,0.03,NA,250,0,0,0,0,0,250,0,250,0,250,NA,NA,NA,NA,NA,250,NA,250,NA
"79","37133001101",1990,1,375,375,1,1,0,0,0,0,0,0,0,0,1,0,0,NA,0,0,0,NA,375,0,0,0,0,0,0,0,375,0,375,NA,NA,NA,NA,NA,NA,NA,375,NA
"80","37183050500",1990,1,500,500,1,1,0,0,0,0,0,1,0,0,0,0,-1.2,NA,-0.91,-0.91,-0.29,NA,500,0,0,0,0,500,0,0,0,0,500,NA,NA,NA,NA,500,NA,NA,NA,NA
"81","39035187103",1990,1,1000,1000,1,1,0,0,0,0,0,1,0,0,0,0,-0.47,NA,-0.63,-0.63,0.16,NA,1000,0,0,0,0,1000,0,0,0,0,1000,NA,NA,NA,NA,1000,NA,NA,NA,NA
"82","40109100100",1990,1,500,500,1,1,0,0,0,0,0,1,0,0,0,0,0.09,NA,-0.05,-0.05,0.14,NA,500,0,0,0,0,500,0,0,0,0,500,NA,NA,NA,NA,500,NA,NA,NA,NA
"83","40119010300",1990,1,200,200,1,1,0,0,0,0,0,0,1,0,0,0,0.86,NA,0.83,0.83,0.03,NA,200,0,0,0,0,0,200,0,0,0,200,NA,NA,NA,NA,NA,200,NA,NA,NA
"84","40143000600",1990,2,850,425,1,2,0,0,0,0,0,0,1,0,0,0,0.86,0,0.83,0.83,0.03,0,850,0,0,0,0,0,850,0,0,0,425,NA,NA,NA,NA,NA,425,NA,NA,NA
"85","40143000700",1990,2,1250,625,1,2,0,0,0,0,0,0.5,0.5,0,0,0,-0.355,0.926309883354377,0.475,0.475,-0.83,0.424264068711928,1250,0,0,0,0,250,1000,0,0,0,625,NA,NA,NA,NA,250,1000,NA,NA,NA
"86","40143000800",1990,1,1000,1000,1,1,0,0,0,0,0,0,1,0,0,0,0.77,NA,0.83,0.83,-0.0599999999999999,NA,1000,0,0,0,0,0,1000,0,0,0,1000,NA,NA,NA,NA,NA,1000,NA,NA,NA
"87","41005024303",1990,1,500,500,1,1,0,0,0,0,0,0,0,0,1,0,0.84,NA,1.06,1.06,-0.22,NA,500,0,0,0,0,0,0,0,500,0,500,NA,NA,NA,NA,NA,NA,NA,500,NA
"88","41009971000",1990,1,200,200,1,1,0,0,0,0,0,0,1,0,0,0,0.53,NA,0.34,0.34,0.19,NA,200,0,0,0,0,0,200,0,0,0,200,NA,NA,NA,NA,NA,200,NA,NA,NA
"89","41019040000",1990,1,200,200,1,1,0,0,0,0,0,0,0,0,1,0,1.36,NA,1.3,1.3,0.0600000000000001,NA,200,0,0,0,0,0,0,0,200,0,200,NA,NA,NA,NA,NA,NA,NA,200,NA
"90","41027950200",1990,1,1000,1000,1,1,0,0,0,0,0,0,1,0,0,0,0.81,NA,0.37,0.37,0.44,NA,1000,0,0,0,0,0,1000,0,0,0,1000,NA,NA,NA,NA,NA,1000,NA,NA,NA
"91","41035971700",1990,1,500,500,1,1,0,0,0,0,0,0,0,0,1,0,0,NA,0,0,0,NA,500,0,0,0,0,0,0,0,500,0,500,NA,NA,NA,NA,NA,NA,NA,500,NA
"92","41043020600",1990,1,500,500,1,1,0,0,0,0,0,0,1,0,0,0,0.87,NA,0.99,0.99,-0.12,NA,500,0,0,0,0,0,500,0,0,0,500,NA,NA,NA,NA,NA,500,NA,NA,NA
"93","41051004300",1990,1,500,500,1,1,0,0,1,0,0,1,0,0,0,0,-0.33,NA,-0.63,-0.63,0.3,NA,500,0,0,500,0,500,0,0,0,0,500,NA,NA,500,NA,500,NA,NA,NA,NA
"94","41053020500",1990,3,615,205,1,3,0,0,3,0,0,0,0,0,1,0,-0.53,0,0,0,0,0,615,0,0,615,0,0,0,0,615,0,205,NA,NA,205,NA,NA,NA,NA,205,NA
"95","41071030602",1990,1,1000,1000,1,1,0,0,0,0,0,0,1,0,0,0,0.74,NA,0.34,0.34,0.4,NA,1000,0,0,0,0,0,1000,0,0,0,1000,NA,NA,NA,NA,NA,1000,NA,NA,NA
"96","45045002608",1990,2,3421,1710.5,1,2,0,0,0,0,0,0,0,0,1,0,0,0,0,0,0,0,3421,0,0,0,0,0,0,0,3421,0,1710.5,NA,NA,NA,NA,NA,NA,NA,1710.5,NA
"97","48029180400",1990,1,300,300,1,1,0,0,0,0,0,0,0,0,1,0,0,NA,0,0,0,NA,300,0,0,0,0,0,0,0,300,0,300,NA,NA,NA,NA,NA,NA,NA,300,NA
"98","48113014308",1990,1,500,500,1,1,0,0,0,0,0,1,0,0,0,0,-0.07,NA,-0.53,-0.53,0.46,NA,500,0,0,0,0,500,0,0,0,0,500,NA,NA,NA,NA,500,NA,NA,NA,NA
"99","48253020400",1990,1,350,350,1,1,0,0,0,0,0,0,1,0,1,0,1.2,NA,1.08,1.08,0.12,NA,350,0,0,0,0,0,350,0,350,0,350,NA,NA,NA,NA,NA,350,NA,350,NA
"100","48265960302",1990,1,500,500,1,1,0,0,0,0,0,0,1,0,1,0,1.28,NA,1.11,1.11,0.17,NA,500,0,0,0,0,0,500,0,500,0,500,NA,NA,NA,NA,NA,500,NA,500,NA
"101","48325000101",1990,2,2000,1000,1,2,0,0,0,0,0,0,1,0,0,0,0.85,0,0.12,0.12,0.73,0,2000,0,0,0,0,0,2000,0,0,0,1000,NA,NA,NA,NA,NA,1000,NA,NA,NA
"102","48491020405",1990,119,220100,1849.57983193277,0,0,0,0,0,0,0,0.621848739495798,0.34453781512605,0,0.151260504201681,0,0.33,0,-0.0242016806722689,-0.0242016806722689,0.351428571428571,0.658407536607458,0,0,0,0,0,164700,38400,0,110500,0,NA,NA,NA,NA,NA,2225.67567567568,936.585365853659,NA,6138.88888888889,NA
"103","49011126202",1990,1,250,250,1,1,0,0,0,0,0,0,1,0,0,0,1.04,NA,0.92,0.92,0.12,NA,250,0,0,0,0,0,250,0,0,0,250,NA,NA,NA,NA,NA,250,NA,NA,NA
"104","49053270100",1990,1,333,333,1,1,0,0,0,0,0,1,0,0,0,0,-0.73,NA,-0.66,-0.66,-0.07,NA,333,0,0,0,0,333,0,0,0,0,333,NA,NA,NA,NA,333,NA,NA,NA,NA
"105","51013100300",1990,1,410,410,1,1,0,0,0,0,0,0,1,0,0,0,0.86,NA,0.62,0.62,0.24,NA,410,0,0,0,0,0,410,0,0,0,410,NA,NA,NA,NA,NA,410,NA,NA,NA
"106","51059461100",1990,1,300,300,1,1,0,0,0,0,0,0,1,0,0,0,0.2,NA,0.68,0.68,-0.48,NA,300,0,0,0,0,0,300,0,0,0,300,NA,NA,NA,NA,NA,300,NA,NA,NA
"107","51153901001",1990,1,500,500,1,1,0,0,0,0,0,1,0,0,0,0,-0.1,NA,-0.36,-0.36,0.26,NA,500,0,0,0,0,500,0,0,0,0,500,NA,NA,NA,NA,500,NA,NA,NA,NA
"108","51710980300",1990,1,1500,1500,1,1,0,0,0,0,0,0,0,0,1,0,0.69,NA,0,0,0,NA,1500,0,0,0,0,0,0,0,1500,0,1500,NA,NA,NA,NA,NA,NA,NA,1500,NA
"109","51840000301",1990,1,1000,1000,1,1,0,0,0,0,0,1,0,0,0,0,-0.37,NA,-0.33,-0.33,-0.04,NA,1000,0,0,0,0,1000,0,0,0,0,1000,NA,NA,NA,NA,1000,NA,NA,NA,NA
"110","53007961000",1990,1,250,250,1,1,0,0,0,0,0,0,1,0,1,0,1.14,NA,1.11,1.11,0.0299999999999998,NA,250,0,0,0,0,0,250,0,250,0,250,NA,NA,NA,NA,NA,250,NA,250,NA
"111","53033004900",1990,1,850,850,1,1,0,0,0,0,0,0,0,0,1,0,0.85,NA,0,0,0,NA,850,0,0,0,0,0,0,0,850,0,850,NA,NA,NA,NA,NA,NA,NA,850,NA
"112","53033008100",1990,1,325,325,1,1,0,0,0,0,0,0,0,0,1,0,-0.44,NA,-1.26,-1.26,0.82,NA,325,0,0,0,0,0,0,0,325,0,325,NA,NA,NA,NA,NA,NA,NA,325,NA
"113","53033010900",1990,1,500,500,1,1,0,0,0,0,0,0,0,0,1,0,-1.27,NA,-1.16,-1.16,-0.11,NA,500,0,0,0,0,0,0,0,500,0,500,NA,NA,NA,NA,NA,NA,NA,500,NA
"114","53033022400",1990,1,285,285,1,1,0,0,0,0,0,0,1,0,0,0,1.04,NA,1,1,0.04,NA,285,0,0,0,0,0,285,0,0,0,285,NA,NA,NA,NA,NA,285,NA,NA,NA
"115","53033025301",1990,1,500,500,1,1,0,0,1,0,0,0,0,0,1,0,0,NA,0,0,0,NA,500,0,0,500,0,0,0,0,500,0,500,NA,NA,500,NA,NA,NA,NA,500,NA
"116","53033032104",1990,1,300,300,1,1,0,0,0,0,0,0,0,0,1,0,0.74,NA,0,0,0,NA,300,0,0,0,0,0,0,0,300,0,300,NA,NA,NA,NA,NA,NA,NA,300,NA
"117","53041970300",1990,1,500,500,1,1,0,0,0,0,0,1,0,0,0,0,-0.53,NA,-0.23,-0.23,-0.3,NA,500,0,0,0,0,500,0,0,0,0,500,NA,NA,NA,NA,500,NA,NA,NA,NA
"118","53069950100",1990,1,29,29,1,1,0,0,0,0,0,0,1,0,0,0,1.12,NA,0.7,0.7,0.42,NA,29,0,0,0,0,0,29,0,0,0,29,NA,NA,NA,NA,NA,29,NA,NA,NA
"119","53077003001",1990,1,-68,-68,1,1,0,0,0,0,0,0,1,0,0,0,1.2,NA,1.1,1.1,0.0999999999999999,NA,-68,0,0,0,0,0,-68,0,0,0,-68,NA,NA,NA,NA,NA,-68,NA,NA,NA
"120","55009010300",1990,1,500,500,1,1,0,0,0,0,0,0,1,0,0,0,1.09,NA,0.82,0.82,0.27,NA,500,0,0,0,0,0,500,0,0,0,500,NA,NA,NA,NA,NA,500,NA,NA,NA
"121","55097960701",1990,1,75,75,1,1,0,0,0,0,0,0,1,0,0,0,-0.73,NA,0.76,0.76,-1.49,NA,75,0,0,0,0,0,75,0,0,0,75,NA,NA,NA,NA,NA,75,NA,NA,NA
"122","56013940400",1990,1,1000,1000,1,1,0,0,0,0,0,0,0,0,1,0,1.49,NA,1.41,1.41,0.0800000000000001,NA,1000,0,0,0,0,0,0,0,1000,0,1000,NA,NA,NA,NA,NA,NA,NA,1000,NA
