"","censustract","yr","count","aTot","aMean","pIndv","nIndv","nCorp","pCorp","nIndvTech","nIndvBigTech","nCorpBigTech","pDemRec","pRepRec","pIndRec","pComRec","pGen","meanContCF","rangeContCF","meanCandCF","rangeCandCF","meanCFDiff","rangeCFDiff","aIndv","aCorp","aIndvBigTech","aIndvTech","aCorpTech","aDemRec","aRepRec","aIndRec","aComRec","aGen","mIndv","mCorp","mIndvBigTech","mIndvTech","mCorpTech","mDemRec","mRepRec","mIndRec","mComRec","mGen"
"1","0",1996,591,723694.6,1224.5255499154,0.725888324873096,429,131,0.22165820642978,38,2,0,0.230118443316413,0.247038917089679,0.00846023688663283,0.524534686971235,0.194585448392555,0.212673434856176,0.777401120174797,0.259983079526227,0.259983079526227,-0.0272419627749577,0.370807648978855,323771.77,366485.83,450,5904.19,0,50512,85687.83,3000,588100.77,48791.83,754.712750582751,2797.60175572519,225,155.373421052632,NA,371.411764705882,586.902945205479,600,1897.09925806452,424.276782608696
"2","02020000802",1996,2,500,250,1,2,0,0,0,0,0,1,0,0,0,0.5,-0.85,0,-0.54,-0.54,-0.31,0,500,0,0,0,0,500,0,0,0,250,250,NA,NA,NA,NA,250,NA,NA,NA,250
"3","02020002100",1996,1,-150,-150,1,1,0,0,0,0,0,1,0,0,0,0,0.64,NA,-0.33,-0.33,0.97,NA,-150,0,0,0,0,-150,0,0,0,0,-150,NA,NA,NA,NA,-150,NA,NA,NA,NA
"4","02020002303",1996,1,500,500,0,0,1,1,1,0,0,0,1,0,0,1,0.2,NA,0.76,0.76,-0.56,NA,0,500,0,500,0,0,500,0,0,500,NA,500,NA,500,NA,NA,500,NA,NA,500
"5","02122000400",1996,1,300,300,1,1,0,0,0,0,0,0,0,0,1,0,0.91,NA,0,0,0,NA,300,0,0,0,0,0,0,0,300,0,300,NA,NA,NA,NA,NA,NA,NA,300,NA
"6","02270000100",1996,1,250,250,1,1,0,0,0,0,0,1,0,0,0,1,-0.66,NA,-0.6,-0.6,-0.0600000000000001,NA,250,0,0,0,0,250,0,0,0,250,250,NA,NA,NA,NA,250,NA,NA,NA,250
"7","04003000201",1996,1,288,288,1,1,0,0,0,0,0,1,0,0,1,0,-1.28,NA,-1.18,-1.18,-0.1,NA,288,0,0,0,0,288,0,0,288,0,288,NA,NA,NA,NA,288,NA,NA,288,NA
"8","04013114000",1996,1,100,100,0,0,1,1,0,0,0,0,1,0,0,1,-0.01,NA,0.95,0.95,-0.96,NA,0,100,0,0,0,0,100,0,0,100,NA,100,NA,NA,NA,NA,100,NA,NA,100
"9","04013422204",1996,1,5000,5000,0,0,1,1,0,0,0,0,0,0,1,0,1.12,NA,1.07,1.07,0.05,NA,0,5000,0,0,0,0,0,0,5000,0,NA,5000,NA,NA,NA,NA,NA,NA,5000,NA
"10","04013613400",1996,1,1000,1000,1,1,0,0,0,0,0,0,0,0,1,0,0.86,NA,1.19,1.19,-0.33,NA,1000,0,0,0,0,0,0,0,1000,0,1000,NA,NA,NA,NA,NA,NA,NA,1000,NA
"11","04013617000",1996,4,400,100,0,0,4,1,0,0,0,0,1,0,0,1,-0.01,0,0.48,0.48,-0.49,0,0,400,0,0,0,0,400,0,0,400,NA,100,NA,NA,NA,NA,100,NA,NA,100
"12","04019000100",1996,7,3500,500,1,7,0,0,0,0,0,0,0,0,1,0,-1.33,0,-0.305714285714286,-0.305714285714286,-0.0742857142857143,0.126867009483309,3500,0,0,0,0,0,0,0,3500,0,500,NA,NA,NA,NA,NA,NA,NA,500,NA
"13","04021001406",1996,2,75,37.5,1,2,0,0,0,0,0,1,0,0,0,1,-0.49,0,-0.44,-0.44,-0.05,0,75,0,0,0,0,75,0,0,0,75,37.5,NA,NA,NA,NA,37.5,NA,NA,NA,37.5
"14","05007020201",1996,7,5500,785.714285714286,1,7,0,0,0,0,0,0.142857142857143,0.857142857142857,0,0,0.285714285714286,0.317142857142857,0.470379785765867,0.574285714285714,0.574285714285714,-0.257142857142857,0.806240540734469,5500,0,0,0,0,500,5000,0,0,2000,785.714285714286,NA,NA,NA,NA,500,833.333333333333,NA,NA,1000
"15","05119000200",1996,3,1450,483.333333333333,0,0,3,1,0,0,0,0.333333333333333,0.666666666666667,0,0,0.666666666666667,-0.21,0,0.35,0.35,-0.56,0.969381245950219,0,1450,0,0,0,500,950,0,0,1250,NA,483.333333333333,NA,NA,NA,500,475,NA,NA,625
"16","08001008401",1996,2,700,350,1,2,0,0,0,0,0,0,0,0,1,0,1.25,0,1.19,1.19,0.0600000000000001,0,700,0,0,0,0,0,0,0,700,0,350,NA,NA,NA,NA,NA,NA,NA,350,NA
"17","08001008802",1996,1,250,250,1,1,0,0,0,0,0,1,0,0,0,1,-1,NA,-0.91,-0.91,-0.09,NA,250,0,0,0,0,250,0,0,0,250,250,NA,NA,NA,NA,250,NA,NA,NA,250
"18","08001009502",1996,1,1000,1000,1,1,0,0,0,0,0,0,1,0,0,0,0.86,NA,0.68,0.68,0.18,NA,1000,0,0,0,0,0,1000,0,0,0,1000,NA,NA,NA,NA,NA,1000,NA,NA,NA
"19","08001015000",1996,1,1000,1000,1,1,0,0,0,0,0,1,0,0,0,1,-0.7,NA,-0.32,-0.32,-0.38,NA,1000,0,0,0,0,1000,0,0,0,1000,1000,NA,NA,NA,NA,1000,NA,NA,NA,1000
"20","08005006000",1996,2,1600,800,1,2,0,0,1,0,0,0.5,0,0,0.5,0,-0.08,1.08894444302728,-0.27,-0.27,-0.155,0.21920310216783,1600,0,0,600,0,1000,0,0,600,0,800,NA,NA,600,NA,1000,NA,NA,600,NA
"21","08005006712",1996,1,250,250,0,0,1,1,0,0,0,1,0,0,0,1,-0.66,NA,-0.59,-0.59,-0.0700000000000001,NA,0,250,0,0,0,250,0,0,0,250,NA,250,NA,NA,NA,250,NA,NA,NA,250
"22","08005006857",1996,1,1000,1000,1,1,0,0,0,0,0,0,1,0,0,0,0.62,NA,0.61,0.61,0.01,NA,1000,0,0,0,0,0,1000,0,0,0,1000,NA,NA,NA,NA,NA,1000,NA,NA,NA
"23","08005006858",1996,3,900,300,0.333333333333333,1,0,0,0,0,0,1,0,0,0,1,-0.556666666666667,0.438786204584116,-0.686666666666667,-0.686666666666667,0.13,0.167032930884901,500,0,0,0,0,900,0,0,0,900,500,NA,NA,NA,NA,300,NA,NA,NA,300
"24","08005081500",1996,1,1200,1200,1,1,0,0,0,0,0,0,0,0,1,0,0,NA,0,0,0,NA,1200,0,0,0,0,0,0,0,1200,0,1200,NA,NA,NA,NA,NA,NA,NA,1200,NA
"25","08031000201",1996,1,500,500,1,1,0,0,0,0,0,0,0,0,1,0,0.78,NA,0.55,0.55,0.23,NA,500,0,0,0,0,0,0,0,500,0,500,NA,NA,NA,NA,NA,NA,NA,500,NA
"26","08035014504",1996,1,250,250,1,1,0,0,0,0,0,1,0,0,0,0,-0.19,NA,-0.15,-0.15,-0.04,NA,250,0,0,0,0,250,0,0,0,0,250,NA,NA,NA,NA,250,NA,NA,NA,NA
"27","08037000200",1996,3,6500,2166.66666666667,1,3,0,0,0,0,0,0.333333333333333,0.333333333333333,0,0.333333333333333,0,-0.63,0,-0.236666666666667,-0.236666666666667,-0.393333333333333,0.345591280754207,6500,0,0,0,0,500,1000,0,5000,0,2166.66666666667,NA,NA,NA,NA,500,1000,NA,5000,NA
"28","08045952002",1996,1,-1000,-1000,1,1,0,0,0,0,0,1,0,0,0,0,0,NA,-0.91,-0.91,0,NA,-1000,0,0,0,0,-1000,0,0,0,0,-1000,NA,NA,NA,NA,-1000,NA,NA,NA,NA
"29","08059012036",1996,1,250,250,1,1,0,0,0,0,0,0,0,0,1,0,0,NA,0,0,0,NA,250,0,0,0,0,0,0,0,250,0,250,NA,NA,NA,NA,NA,NA,NA,250,NA
"30","08059015800",1996,2,1160,580,1,2,0,0,0,0,0,0,0,0,1,0,1.09,0,1.11,1.11,-0.02,0,1160,0,0,0,0,0,0,0,1160,0,580,NA,NA,NA,NA,NA,NA,NA,580,NA
"31","08075966000",1996,4,1000,250,1,4,0,0,0,0,0,0,0,0,1,0,1.1,0,1.32,1.32,-0.22,0,1000,0,0,0,0,0,0,0,1000,0,250,NA,NA,NA,NA,NA,NA,NA,250,NA
"32","08085966602",1996,1,400,400,1,1,0,0,0,0,0,0,0,0,1,0,1.25,NA,1.19,1.19,0.0600000000000001,NA,400,0,0,0,0,0,0,0,400,0,400,NA,NA,NA,NA,NA,NA,NA,400,NA
"33","08097000401",1996,1,500,500,1,1,0,0,0,0,0,1,0,0,0,0,-1.14,NA,-0.96,-0.96,-0.18,NA,500,0,0,0,0,500,0,0,0,0,500,NA,NA,NA,NA,500,NA,NA,NA,NA
"34","08103951100",1996,3,1233,411,1,3,0,0,0,0,0,0,0,0,1,0,1.29,0,1.23,1.23,0.0600000000000001,0,1233,0,0,0,0,0,0,0,1233,0,411,NA,NA,NA,NA,NA,NA,NA,411,NA
"35","09001010300",1996,2,1000,500,1,2,0,0,0,0,0,1,0,0,0,0,-0.98,0,-0.89,-0.89,-0.09,0,1000,0,0,0,0,1000,0,0,0,0,500,NA,NA,NA,NA,500,NA,NA,NA,NA
"36","09001245100",1996,1,2000,2000,1,1,0,0,0,0,0,0,0,0,1,0,-1.16,NA,0,0,0,NA,2000,0,0,0,0,0,0,0,2000,0,2000,NA,NA,NA,NA,NA,NA,NA,2000,NA
"37","09003460302",1996,1,500,500,1,1,0,0,0,0,0,1,0,0,0,0,-0.85,NA,-0.54,-0.54,-0.31,NA,500,0,0,0,0,500,0,0,0,0,500,NA,NA,NA,NA,500,NA,NA,NA,NA
"38","09003524600",1996,1,1000,1000,1,1,0,0,0,0,0,1,0,0,0,0,-0.72,NA,-0.66,-0.66,-0.0599999999999999,NA,1000,0,0,0,0,1000,0,0,0,0,1000,NA,NA,NA,NA,1000,NA,NA,NA,NA
"39","09011870501",1996,1,25000,25000,0,0,1,1,0,0,0,0,0,0,1,0,1.25,NA,1.19,1.19,0.0600000000000001,NA,0,25000,0,0,0,0,0,0,25000,0,NA,25000,NA,NA,NA,NA,NA,NA,25000,NA
"40","11001000300",1996,6,3000,500,1,6,0,0,0,0,0,0.666666666666667,0,0,0.333333333333333,0.166666666666667,-0.4,0,-0.38,-0.38,-0.02,0.144083309234623,3000,0,0,0,0,1500,0,0,1500,500,500,NA,NA,NA,NA,375,NA,NA,750,500
"41","11001000600",1996,1,1000,1000,1,1,0,0,0,0,0,0,1,0,0,0,0.49,NA,0.55,0.55,-0.0600000000000001,NA,1000,0,0,0,0,0,1000,0,0,0,1000,NA,NA,NA,NA,NA,1000,NA,NA,NA
"42","11001005002",1996,2,450,225,1,2,0,0,0,0,0,1,0,0,0,1,-1.38,0,-0.9,-0.9,-0.48,0,450,0,0,0,0,450,0,0,0,450,225,NA,NA,NA,NA,225,NA,NA,NA,225
"43","11001005600",1996,1,1000,1000,1,1,0,0,0,0,0,1,0,0,0,1,-0.95,NA,-0.71,-0.71,-0.24,NA,1000,0,0,0,0,1000,0,0,0,1000,1000,NA,NA,NA,NA,1000,NA,NA,NA,1000
"44","11001005900",1996,1,250,250,1,1,0,0,0,0,0,0,1,0,0,0,0.6,NA,0.39,0.39,0.21,NA,250,0,0,0,0,0,250,0,0,0,250,NA,NA,NA,NA,NA,250,NA,NA,NA
"45","11001007703",1996,1,3000,3000,1,1,0,0,0,0,0,1,0,0,1,0,-0.68,NA,-1.16,-1.16,0.48,NA,3000,0,0,0,0,3000,0,0,3000,0,3000,NA,NA,NA,NA,3000,NA,NA,3000,NA
"46","11001007709",1996,1,25000,25000,0,0,1,1,0,0,0,0,0,0,1,0,-0.3,NA,-1.17,-1.17,0.87,NA,0,25000,0,0,0,0,0,0,25000,0,NA,25000,NA,NA,NA,NA,NA,NA,25000,NA
"47","11001010100",1996,1,312,312,1,1,0,0,0,0,0,0,0,0,1,0,-0.35,NA,0,0,0,NA,312,0,0,0,0,0,0,0,312,0,312,NA,NA,NA,NA,NA,NA,NA,312,NA
"48","11001010700",1996,8,2200,275,0,0,8,1,0,0,0,0.125,0.875,0,0,1,0.12,0,0.68625,0.68625,-0.56625,0.561679560400259,0,2200,0,0,0,250,1950,0,0,2200,NA,275,NA,NA,NA,250,278.571428571429,NA,NA,275
"49","12011090404",1996,2,900,450,1,2,0,0,0,0,0,0,1,0,0,1,1.12,0,1.07,1.07,0.05,0,900,0,0,0,0,0,900,0,0,900,450,NA,NA,NA,NA,NA,450,NA,NA,450
"50","12011090900",1996,1,500,500,1,1,0,0,0,0,0,0,0,0,1,0,-0.16,NA,-0.13,-0.13,-0.03,NA,500,0,0,0,0,0,0,0,500,0,500,NA,NA,NA,NA,NA,NA,NA,500,NA
"51","12011110404",1996,1,500,500,1,1,0,0,0,0,0,0,1,0,0,1,1.12,NA,1.07,1.07,0.05,NA,500,0,0,0,0,0,500,0,0,500,500,NA,NA,NA,NA,NA,500,NA,NA,500
"52","12071020102",1996,1,250,250,1,1,0,0,0,0,0,0,1,0,0,0,1.07,NA,0.86,0.86,0.21,NA,250,0,0,0,0,0,250,0,0,0,250,NA,NA,NA,NA,NA,250,NA,NA,NA
"53","12086000127",1996,1,500,500,1,1,0,0,0,0,0,0,1,0,0,0,0.55,NA,0.54,0.54,0.01,NA,500,0,0,0,0,0,500,0,0,0,500,NA,NA,NA,NA,NA,500,NA,NA,NA
"54","12086000129",1996,1,500,500,1,1,0,0,0,0,0,0,1,0,0,1,0.47,NA,0.74,0.74,-0.27,NA,500,0,0,0,0,0,500,0,0,500,500,NA,NA,NA,NA,NA,500,NA,NA,500
"55","12095017001",1996,1,1500,1500,1,1,0,0,0,0,0,0,0,0,1,0,1.23,NA,1.17,1.17,0.0600000000000001,NA,1500,0,0,0,0,0,0,0,1500,0,1500,NA,NA,NA,NA,NA,NA,NA,1500,NA
"56","12099000209",1996,2,2000,1000,1,2,0,0,0,0,0,0,1,0,0,0,0.37,0,0.37,0.37,0,0,2000,0,0,0,0,0,2000,0,0,0,1000,NA,NA,NA,NA,NA,1000,NA,NA,NA
"57","12099000301",1996,1,250,250,0,0,0,0,0,0,0,0,1,0,0,1,0.95,NA,0.91,0.91,0.0399999999999999,NA,0,0,0,0,0,0,250,0,0,250,NA,NA,NA,NA,NA,NA,250,NA,NA,250
"58","12099000410",1996,1,3500,3500,1,1,0,0,0,0,0,0,0,0,1,0,0,NA,0,0,0,NA,3500,0,0,0,0,0,0,0,3500,0,3500,NA,NA,NA,NA,NA,NA,NA,3500,NA
"59","12099005407",1996,1,500,500,1,1,0,0,0,0,0,1,0,0,0,1,-0.6,NA,-0.54,-0.54,-0.0599999999999999,NA,500,0,0,0,0,500,0,0,0,500,500,NA,NA,NA,NA,500,NA,NA,NA,500
"60","12099006401",1996,1,500,500,1,1,0,0,0,0,0,0,0,0,1,0,-1.17,NA,-1.07,-1.07,-0.0999999999999999,NA,500,0,0,0,0,0,0,0,500,0,500,NA,NA,NA,NA,NA,NA,NA,500,NA
"61","12099007505",1996,1,5000,5000,1,1,0,0,0,0,0,0,0,0,1,0,-0.7,NA,-0.87,-0.87,0.17,NA,5000,0,0,0,0,0,0,0,5000,0,5000,NA,NA,NA,NA,NA,NA,NA,5000,NA
"62","12099007713",1996,1,1000,1000,1,1,0,0,0,0,0,1,0,0,0,0,-0.85,NA,-0.54,-0.54,-0.31,NA,1000,0,0,0,0,1000,0,0,0,0,1000,NA,NA,NA,NA,1000,NA,NA,NA,NA
"63","12131950601",1996,1,250,250,1,1,0,0,0,0,0,0,0,0,1,0,0,NA,0,0,0,NA,250,0,0,0,0,0,0,0,250,0,250,NA,NA,NA,NA,NA,NA,NA,250,NA
"64","13021013202",1996,1,500,500,0,0,1,1,0,0,0,0,1,0,0,1,0.19,NA,0.48,0.48,-0.29,NA,0,500,0,0,0,0,500,0,0,500,NA,500,NA,NA,NA,NA,500,NA,NA,500
"65","13051011006",1996,1,225,225,1,1,0,0,0,0,0,0,0,0,1,0,1.25,NA,1.19,1.19,0.0600000000000001,NA,225,0,0,0,0,0,0,0,225,0,225,NA,NA,NA,NA,NA,NA,NA,225,NA
"66","13067030229",1996,1,200,200,1,1,0,0,0,0,0,0,1,0,0,0,0.98,NA,0.94,0.94,0.04,NA,200,0,0,0,0,0,200,0,0,0,200,NA,NA,NA,NA,NA,200,NA,NA,NA
"67","13069010500",1996,1,750,750,1,1,0,0,0,0,0,1,0,0,0,1,-0.29,NA,-0.34,-0.34,0.05,NA,750,0,0,0,0,750,0,0,0,750,750,NA,NA,NA,NA,750,NA,NA,NA,750
"68","13073030302",1996,1,200,200,1,1,0,0,0,0,0,0,1,0,0,0,0.06,NA,0.08,0.08,-0.02,NA,200,0,0,0,0,0,200,0,0,0,200,NA,NA,NA,NA,NA,200,NA,NA,NA
"69","13073030603",1996,1,200,200,1,1,0,0,0,0,0,0,1,0,0,0,1.08,NA,0.08,0.08,1,NA,200,0,0,0,0,0,200,0,0,0,200,NA,NA,NA,NA,NA,200,NA,NA,NA
"70","13077170100",1996,1,500,500,1,1,0,0,0,0,0,0,1,0,0,1,1.19,NA,1.13,1.13,0.0600000000000001,NA,500,0,0,0,0,0,500,0,0,500,500,NA,NA,NA,NA,NA,500,NA,NA,500
"71","13087970400",1996,1,250,250,0,0,0,0,0,0,0,0,0,0,1,0,1.12,NA,1.07,1.07,0.05,NA,0,0,0,0,0,0,0,0,250,0,NA,NA,NA,NA,NA,NA,NA,NA,250,NA
"72","13089021602",1996,2,800,400,1,2,0,0,0,0,0,0.5,0,0,0.5,0,-1.08,0,-0.915,-0.915,-0.165,0.487903679018718,800,0,0,0,0,500,0,0,300,0,400,NA,NA,NA,NA,500,NA,NA,300,NA
"73","13089021907",1996,1,250,250,1,1,0,0,0,0,0,0,1,0,0,0,0.62,NA,0.61,0.61,0.01,NA,250,0,0,0,0,0,250,0,0,0,250,NA,NA,NA,NA,NA,250,NA,NA,NA
"74","13089023507",1996,1,300,300,0,0,0,0,0,0,0,1,0,0,0,1,0.13,NA,-0.42,-0.42,0.55,NA,0,0,0,0,0,300,0,0,0,300,NA,NA,NA,NA,NA,300,NA,NA,NA,300
"75","13113140403",1996,1,1000,1000,1,1,0,0,0,0,0,1,0,0,0,0,-0.39,NA,-0.34,-0.34,-0.05,NA,1000,0,0,0,0,1000,0,0,0,0,1000,NA,NA,NA,NA,1000,NA,NA,NA,NA
"76","13117130409",1996,1,1000,1000,1,1,0,0,0,0,0,0,1,0,0,0,0.73,NA,0.71,0.71,0.02,NA,1000,0,0,0,0,0,1000,0,0,0,1000,NA,NA,NA,NA,NA,1000,NA,NA,NA
"77","13121007002",1996,1,500,500,1,1,0,0,0,0,0,1,0,0,0,0,-0.65,NA,-0.59,-0.59,-0.0600000000000001,NA,500,0,0,0,0,500,0,0,0,0,500,NA,NA,NA,NA,500,NA,NA,NA,NA
"78","13121009602",1996,1,566,566,1,1,0,0,0,0,0,0,0,0,1,0,0,NA,0,0,0,NA,566,0,0,0,0,0,0,0,566,0,566,NA,NA,NA,NA,NA,NA,NA,566,NA
"79","13121010119",1996,1,500,500,1,1,0,0,0,0,0,0,1,0,0,0,1.05,NA,1.01,1.01,0.04,NA,500,0,0,0,0,0,500,0,0,0,500,NA,NA,NA,NA,NA,500,NA,NA,NA
"80","13121010121",1996,1,500,500,1,1,0,0,0,0,0,0,0,0,1,0,0.83,NA,1.07,1.07,-0.24,NA,500,0,0,0,0,0,0,0,500,0,500,NA,NA,NA,NA,NA,NA,NA,500,NA
"81","13121010122",1996,1,2000,2000,1,1,0,0,0,0,0,0,0,0,1,0,0,NA,0,0,0,NA,2000,0,0,0,0,0,0,0,2000,0,2000,NA,NA,NA,NA,NA,NA,NA,2000,NA
"82","13121010514",1996,1,1000,1000,1,1,0,0,0,0,0,1,0,0,0,0,-0.85,NA,-0.54,-0.54,-0.31,NA,1000,0,0,0,0,1000,0,0,0,0,1000,NA,NA,NA,NA,1000,NA,NA,NA,NA
"83","13121011420",1996,1,500,500,1,1,0,0,0,0,0,0,0,0,1,0,0,NA,0,0,0,NA,500,0,0,0,0,0,0,0,500,0,500,NA,NA,NA,NA,NA,NA,NA,500,NA
"84","13121012300",1996,1,500,500,1,1,0,0,0,0,0,0,1,0,0,0,1.28,NA,1.23,1.23,0.05,NA,500,0,0,0,0,0,500,0,0,0,500,NA,NA,NA,NA,NA,500,NA,NA,NA
"85","13135050410",1996,1,250,250,1,1,0,0,0,0,0,0,0,0,1,0,0,NA,0,0,0,NA,250,0,0,0,0,0,0,0,250,0,250,NA,NA,NA,NA,NA,NA,NA,250,NA
"86","13135050422",1996,1,500,500,1,1,0,0,0,0,0,0,1,0,0,0,0.79,NA,0.76,0.76,0.03,NA,500,0,0,0,0,0,500,0,0,0,500,NA,NA,NA,NA,NA,500,NA,NA,NA
"87","13139000800",1996,1,1000,1000,1,1,0,0,0,0,0,0,0,0,1,0,0.97,NA,0,0,0,NA,1000,0,0,0,0,0,0,0,1000,0,1000,NA,NA,NA,NA,NA,NA,NA,1000,NA
"88","13149970300",1996,1,500,500,1,1,0,0,0,0,0,0,0,0,1,0,1.29,NA,1.23,1.23,0.0600000000000001,NA,500,0,0,0,0,0,0,0,500,0,500,NA,NA,NA,NA,NA,NA,NA,500,NA
"89","13199970500",1996,1,500,500,1,1,0,0,0,0,0,0,0,0,1,0,1.29,NA,1.23,1.23,0.0600000000000001,NA,500,0,0,0,0,0,0,0,500,0,500,NA,NA,NA,NA,NA,NA,NA,500,NA
"90","13233010200",1996,1,1000,1000,1,1,0,0,0,0,0,1,0,0,0,1,-0.02,NA,-0.34,-0.34,0.32,NA,1000,0,0,0,0,1000,0,0,0,1000,1000,NA,NA,NA,NA,1000,NA,NA,NA,1000
"91","13261950400",1996,1,100,100,0,0,0,0,0,0,0,1,0,0,0,1,-1.05,NA,-0.96,-0.96,-0.0900000000000001,NA,0,0,0,0,0,100,0,0,0,100,NA,NA,NA,NA,NA,100,NA,NA,NA,100
"92","13275960900",1996,1,1000,1000,1,1,0,0,0,0,0,0,1,0,0,1,0.97,NA,0.93,0.93,0.0399999999999999,NA,1000,0,0,0,0,0,1000,0,0,1000,1000,NA,NA,NA,NA,NA,1000,NA,NA,1000
"93","13275961000",1996,1,1000,1000,1,1,0,0,0,0,0,0,1,0,0,1,0.91,NA,1.29,1.29,-0.38,NA,1000,0,0,0,0,0,1000,0,0,1000,1000,NA,NA,NA,NA,NA,1000,NA,NA,1000
"94","15003011202",1996,1,222,222,1,1,0,0,0,0,0,0,0,0,1,0,0,NA,0,0,0,NA,222,0,0,0,0,0,0,0,222,0,222,NA,NA,NA,NA,NA,NA,NA,222,NA
"95","16001010501",1996,2,500,250,1,2,0,0,0,0,0,0,0,0,1,0,0.1,0.14142135623731,0,0,0,0,500,0,0,0,0,0,0,0,500,0,250,NA,NA,NA,NA,NA,NA,NA,250,NA
"96","16013960300",1996,1,2000,2000,1,1,0,0,0,1,0,0,0,0,1,0,-0.59,NA,-0.8,-0.8,0.21,NA,2000,0,2000,0,0,0,0,0,2000,0,2000,NA,2000,NA,NA,NA,NA,NA,2000,NA
"97","16013960500",1996,1,250,250,1,1,0,0,0,0,0,0,0,0,1,0,-0.98,NA,0,0,0,NA,250,0,0,0,0,0,0,0,250,0,250,NA,NA,NA,NA,NA,NA,NA,250,NA
"98","17031252102",1996,4,1925,481.25,1,4,0,0,0,0,0,0.5,0,0,0.5,0.25,-0.92,0,-0.855,-0.855,-0.0650000000000001,0.363730669589464,1925,0,0,0,0,700,0,0,1225,500,481.25,NA,NA,NA,NA,350,NA,NA,612.5,500
"99","17031800700",1996,1,250,250,1,1,0,0,0,0,0,1,0,0,0,0,-1.1,NA,-1.12,-1.12,0.02,NA,250,0,0,0,0,250,0,0,0,0,250,NA,NA,NA,NA,250,NA,NA,NA,NA
"100","17031803702",1996,1,250,250,1,1,0,0,0,0,0,1,0,0,0,1,-1.25,NA,-1.07,-1.07,-0.18,NA,250,0,0,0,0,250,0,0,0,250,250,NA,NA,NA,NA,250,NA,NA,NA,250
"101","17031804108",1996,4,800,200,0,0,4,1,0,0,0,0.75,0.25,0,0,1,0.64,0,-0.1625,-0.1625,0.8025,0.526014892057883,0,800,0,0,0,600,200,0,0,800,NA,200,NA,NA,NA,200,200,NA,NA,200
"102","17031804201",1996,3,1000,333.333333333333,1,3,0,0,0,0,0,0,1,0,0,0,0.98,0,0.61,0.61,0.37,0,1000,0,0,0,0,0,1000,0,0,0,333.333333333333,NA,NA,NA,NA,NA,333.333333333333,NA,NA,NA
"103","17031804509",1996,1,500,500,0,0,1,1,0,0,0,0,1,0,0,1,-0.28,NA,0.49,0.49,-0.77,NA,0,500,0,0,0,0,500,0,0,500,NA,500,NA,NA,NA,NA,500,NA,NA,500
"104","17031805702",1996,1,1000,1000,1,1,0,0,0,0,0,1,0,0,0,1,-0.48,NA,-0.93,-0.93,0.45,NA,1000,0,0,0,0,1000,0,0,0,1000,1000,NA,NA,NA,NA,1000,NA,NA,NA,1000
"105","17043841326",1996,3,600,200,0,0,3,1,0,0,0,0,1,0,0,1,-1.15,0,0.683333333333333,0.683333333333333,-1.83333333333333,0.440605643782888,0,600,0,0,0,0,600,0,0,600,NA,200,NA,NA,NA,NA,200,NA,NA,200
"106","17043845300",1996,1,250,250,1,1,0,0,0,0,0,0,0,0,1,0,0,NA,0,0,0,NA,250,0,0,0,0,0,0,0,250,0,250,NA,NA,NA,NA,NA,NA,NA,250,NA
"107","17119400952",1996,1,250,250,1,1,0,0,0,0,0,0,0,0,1,0,1.12,NA,1.07,1.07,0.05,NA,250,0,0,0,0,0,0,0,250,0,250,NA,NA,NA,NA,NA,NA,NA,250,NA
"108","17201000506",1996,1,1000,1000,1,1,0,0,0,0,0,0,1,0,0,0,0.82,NA,0.73,0.73,0.09,NA,1000,0,0,0,0,0,1000,0,0,0,1000,NA,NA,NA,NA,NA,1000,NA,NA,NA
"109","18097380501",1996,1,250,250,1,1,0,0,0,0,0,0,1,0,0,0,0.78,NA,0.57,0.57,0.21,NA,250,0,0,0,0,0,250,0,0,0,250,NA,NA,NA,NA,NA,250,NA,NA,NA
"110","19103001200",1996,1,250,250,1,1,0,0,1,0,0,1,0,0,0,1,-1.13,NA,-0.83,-0.83,-0.3,NA,250,0,0,250,0,250,0,0,0,250,250,NA,NA,250,NA,250,NA,NA,NA,250
"111","19125030100",1996,5,2673,534.6,1,5,0,0,0,0,0,0.6,0.4,0,0,0.4,-0.01,0,0.062,0.062,-0.072,0.564154234230321,2673,0,0,0,0,1673,1000,0,0,673,534.6,NA,NA,NA,NA,557.666666666667,500,NA,NA,336.5
"112","19169000100",1996,1,500,500,1,1,0,0,0,0,0,1,0,0,0,0,-0.94,NA,-0.54,-0.54,-0.4,NA,500,0,0,0,0,500,0,0,0,0,500,NA,NA,NA,NA,500,NA,NA,NA,NA
"113","21067000101",1996,1,250,250,1,1,0,0,0,0,0,1,0,0,0,1,0.1,NA,0.24,0.24,-0.14,NA,250,0,0,0,0,250,0,0,0,250,250,NA,NA,NA,NA,250,NA,NA,NA,250
"114","21095971300",1996,2,1000,500,1,2,0,0,0,0,0,0,1,0,0,0,1.11,0,0.61,0.61,0.5,0,1000,0,0,0,0,0,1000,0,0,0,500,NA,NA,NA,NA,NA,500,NA,NA,NA
"115","21193970500",1996,1,400,400,1,1,0,0,0,0,0,0,0,0,1,0,0.89,NA,0,0,0,NA,400,0,0,0,0,0,0,0,400,0,400,NA,NA,NA,NA,NA,NA,NA,400,NA
"116","21195931100",1996,2,1500,750,1,2,0,0,0,0,0,1,0,0,0,0.5,-0.48,0,-0.39,-0.39,-0.09,0,1500,0,0,0,0,1500,0,0,0,500,750,NA,NA,NA,NA,750,NA,NA,NA,500
"117","22017025300",1996,1,150,150,1,1,0,0,0,0,0,0,1,0,0,1,0.45,NA,0.99,0.99,-0.54,NA,150,0,0,0,0,0,150,0,0,150,150,NA,NA,NA,NA,NA,150,NA,NA,150
"118","22033003505",1996,1,500,500,1,1,0,0,0,0,0,1,0,0,0,0,-0.84,NA,-0.77,-0.77,-0.07,NA,500,0,0,0,0,500,0,0,0,0,500,NA,NA,NA,NA,500,NA,NA,NA,NA
"119","22033004009",1996,1,250,250,1,1,0,0,0,0,0,0,1,0,0,0,0.38,NA,0.57,0.57,-0.19,NA,250,0,0,0,0,0,250,0,0,0,250,NA,NA,NA,NA,NA,250,NA,NA,NA
"120","22047952900",1996,1,200,200,1,1,0,0,0,0,0,1,0,0,0,0,-0.87,NA,-0.79,-0.79,-0.08,NA,200,0,0,0,0,200,0,0,0,0,200,NA,NA,NA,NA,200,NA,NA,NA,NA
"121","22071001736",1996,1,250,250,1,1,0,0,0,0,0,0,0,0,1,0,1.25,NA,1.19,1.19,0.0600000000000001,NA,250,0,0,0,0,0,0,0,250,0,250,NA,NA,NA,NA,NA,NA,NA,250,NA
"122","22079013200",1996,1,350,350,1,1,0,0,0,0,0,0,0,0,1,0,1.25,NA,1.19,1.19,0.0600000000000001,NA,350,0,0,0,0,0,0,0,350,0,350,NA,NA,NA,NA,NA,NA,NA,350,NA
"123","22095071100",1996,1,1000,1000,1,1,0,0,0,0,0,1,0,0,0,0,-0.87,NA,-0.54,-0.54,-0.33,NA,1000,0,0,0,0,1000,0,0,0,0,1000,NA,NA,NA,NA,1000,NA,NA,NA,NA
"124","22103041207",1996,1,360,360,1,1,0,0,0,0,0,0,0,0,1,0,0,NA,0,0,0,NA,360,0,0,0,0,0,0,0,360,0,360,NA,NA,NA,NA,NA,NA,NA,360,NA
"125","23005011300",1996,1,4000,4000,1,1,0,0,1,0,0,1,0,0,1,0,-0.84,NA,-1.18,-1.18,0.34,NA,4000,0,0,4000,0,4000,0,0,4000,0,4000,NA,NA,4000,NA,4000,NA,NA,4000,NA
"126","23031005100",1996,2,1000,500,1,2,0,0,0,0,0,0,1,0,0,0,0.115,0.855599205235723,0.46,0.46,-0.345,0.855599205235723,1000,0,0,0,0,0,1000,0,0,0,500,NA,NA,NA,NA,NA,500,NA,NA,NA
"127","24003731307",1996,1,500,500,1,1,0,0,0,0,0,1,0,0,0,0,-0.87,NA,-0.79,-0.79,-0.08,NA,500,0,0,0,0,500,0,0,0,0,500,NA,NA,NA,NA,500,NA,NA,NA,NA
"128","24031700904",1996,1,500,500,1,1,0,0,0,0,0,0,1,0,0,0,0.9,NA,0.89,0.89,0.01,NA,500,0,0,0,0,0,500,0,0,0,500,NA,NA,NA,NA,NA,500,NA,NA,NA
"129","24031701800",1996,2,2000,1000,1,2,0,0,0,0,0,1,0,0,0.5,1,-1.08,0,-0.85,-0.85,-0.23,0.537401153701776,2000,0,0,0,0,2000,0,0,1000,2000,1000,NA,NA,NA,NA,1000,NA,NA,1000,1000
"130","25017353000",1996,1,900,900,1,1,0,0,0,0,0,1,0,0,0,0,-0.4,NA,-0.35,-0.35,-0.05,NA,900,0,0,0,0,900,0,0,0,0,900,NA,NA,NA,NA,900,NA,NA,NA,NA
"131","25017373900",1996,2,1000,500,1,2,0,0,0,0,0,0,0,0,1,0,0.49,0,-0.34,-0.34,0.83,0,1000,0,0,0,0,0,0,0,1000,0,500,NA,NA,NA,NA,NA,NA,NA,500,NA
"132","25025060600",1996,1,1000,1000,1,1,0,0,0,0,0,0,1,0,0,0,0.39,NA,0.39,0.39,0,NA,1000,0,0,0,0,0,1000,0,0,0,1000,NA,NA,NA,NA,NA,1000,NA,NA,NA
"133","26125158200",1996,1,1000,1000,1,1,0,0,0,0,0,1,0,0,0,0,-0.85,NA,-0.54,-0.54,-0.31,NA,1000,0,0,0,0,1000,0,0,0,0,1000,NA,NA,NA,NA,1000,NA,NA,NA,NA
"134","26139021303",1996,1,2000,2000,1,1,0,0,0,0,0,0,0,0,1,0,0.7,NA,0,0,0,NA,2000,0,0,0,0,0,0,0,2000,0,2000,NA,NA,NA,NA,NA,NA,NA,2000,NA
"135","28023950100",1996,1,750,750,1,1,0,0,0,0,0,0,0,0,1,0,1.25,NA,1.19,1.19,0.0600000000000001,NA,750,0,0,0,0,0,0,0,750,0,750,NA,NA,NA,NA,NA,NA,NA,750,NA
"136","29021001000",1996,1,1000,1000,1,1,0,0,0,0,0,1,0,0,0,0,-0.85,NA,-0.93,-0.93,0.0800000000000001,NA,1000,0,0,0,0,1000,0,0,0,0,1000,NA,NA,NA,NA,1000,NA,NA,NA,NA
"137","29077000502",1996,1,100,100,0,0,1,1,0,0,0,0,1,0,0,1,0.02,NA,0.87,0.87,-0.85,NA,0,100,0,0,0,0,100,0,0,100,NA,100,NA,NA,NA,NA,100,NA,NA,100
"138","29095010001",1996,1,100,100,0,0,1,1,0,0,0,0,1,0,0,0,0.45,NA,0.45,0.45,0,NA,0,100,0,0,0,0,100,0,0,0,NA,100,NA,NA,NA,NA,100,NA,NA,NA
"139","32003001713",1996,1,250,250,1,1,0,0,0,0,0,1,0,0,0,0,-0.85,NA,-0.54,-0.54,-0.31,NA,250,0,0,0,0,250,0,0,0,0,250,NA,NA,NA,NA,250,NA,NA,NA,NA
"140","32003003252",1996,1,250,250,1,1,0,0,0,0,0,1,0,0,0,0,-0.27,NA,-0.23,-0.23,-0.04,NA,250,0,0,0,0,250,0,0,0,0,250,NA,NA,NA,NA,250,NA,NA,NA,NA
"141","32003003410",1996,2,1250,625,1,2,0,0,0,0,0,0,0,0,1,0,0,0,0,0,0,0,1250,0,0,0,0,0,0,0,1250,0,625,NA,NA,NA,NA,NA,NA,NA,625,NA
"142","32003005805",1996,1,2500,2500,1,1,0,0,0,0,0,0,0,0,1,0,0.07,NA,0,0,0,NA,2500,0,0,0,0,0,0,0,2500,0,2500,NA,NA,NA,NA,NA,NA,NA,2500,NA
"143","32031003308",1996,2,1500,750,1,2,0,0,0,0,0,1,0,0,0,1,-0.15,1.0040916292849,-0.825,-0.825,0.675,1.06773123959169,1500,0,0,0,0,1500,0,0,0,1500,750,NA,NA,NA,NA,750,NA,NA,NA,750
"144","33001966402",1996,1,1000,1000,1,1,0,0,0,0,0,1,0,0,0,1,-0.93,NA,-0.8,-0.8,-0.13,NA,1000,0,0,0,0,1000,0,0,0,1000,1000,NA,NA,NA,NA,1000,NA,NA,NA,1000
"145","34001012602",1996,1,1000,1000,1,1,0,0,0,0,0,1,0,0,0,0,-0.85,NA,-0.54,-0.54,-0.31,NA,1000,0,0,0,0,1000,0,0,0,0,1000,NA,NA,NA,NA,1000,NA,NA,NA,NA
"146","34003016000",1996,1,250,250,1,1,0,0,0,0,0,0,1,0,0,0,0.55,NA,0.61,0.61,-0.0599999999999999,NA,250,0,0,0,0,0,250,0,0,0,250,NA,NA,NA,NA,NA,250,NA,NA,NA
"147","34013021300",1996,1,3000,3000,1,1,0,0,0,0,0,0,0,0,1,0,-0.92,NA,0,0,0,NA,3000,0,0,0,0,0,0,0,3000,0,3000,NA,NA,NA,NA,NA,NA,NA,3000,NA
"148","34021004000",1996,1,1080,1080,1,1,0,0,0,0,0,0,0,0,1,0,-1.07,NA,0,0,0,NA,1080,0,0,0,0,0,0,0,1080,0,1080,NA,NA,NA,NA,NA,NA,NA,1080,NA
"149","34021004204",1996,1,1000,1000,1,1,0,0,0,0,0,1,0,0,0,1,-0.84,NA,-0.76,-0.76,-0.08,NA,1000,0,0,0,0,1000,0,0,0,1000,1000,NA,NA,NA,NA,1000,NA,NA,NA,1000
"150","34027043100",1996,1,-1000,-1000,1,1,0,0,0,0,0,1,0,0,0,0,1.05,NA,-0.54,-0.54,1.59,NA,-1000,0,0,0,0,-1000,0,0,0,0,-1000,NA,NA,NA,NA,-1000,NA,NA,NA,NA
"151","34035053603",1996,1,100,100,0,0,1,1,0,0,0,0,1,0,0,1,0.67,NA,0.65,0.65,0.02,NA,0,100,0,0,0,0,100,0,0,100,NA,100,NA,NA,NA,NA,100,NA,NA,100
"152","34037374800",1996,2,500,250,1,2,0,0,0,0,0,1,0,0,0,1,-1.27,0,-0.82,-0.82,-0.45,0.14142135623731,500,0,0,0,0,500,0,0,0,500,250,NA,NA,NA,NA,250,NA,NA,NA,250
"153","35043010702",1996,1,100,100,1,1,0,0,0,0,0,0,1,0,0,0,0.7,NA,0.39,0.39,0.31,NA,100,0,0,0,0,0,100,0,0,0,100,NA,NA,NA,NA,NA,100,NA,NA,NA
"154","36061000900",1996,36,10580,293.888888888889,1,36,0,0,0,0,0,0.694444444444444,0.0277777777777778,0,0.277777777777778,0.194444444444444,-0.871388888888889,0.215951750930986,-0.593055555555556,-0.593055555555556,-0.0811111111111111,0.206394598182051,10580,0,0,0,0,6750,500,0,3330,1750,293.888888888889,NA,NA,NA,NA,270,500,NA,333,250
"155","36061001300",1996,9,3900,433.333333333333,0,0,9,1,0,0,0,0,1,0,0,0.888888888888889,0.26,0,0.754444444444444,0.754444444444444,-0.494444444444444,0.156213884715085,0,3900,0,0,0,0,3900,0,0,3350,NA,433.333333333333,NA,NA,NA,NA,433.333333333333,NA,NA,418.75
"156","36061005700",1996,1,500,500,1,1,0,0,0,0,0,1,0,0,0,0,-1.18,NA,-0.36,-0.36,-0.82,NA,500,0,0,0,0,500,0,0,0,0,500,NA,NA,NA,NA,500,NA,NA,NA,NA
"157","36061007100",1996,2,1000,500,0.5,1,1,0.5,0,0,0,0.5,0.5,0,0,0.5,-0.45,1.0040916292849,-0.145,-0.145,-0.305,0.360624458405139,500,500,0,0,0,500,500,0,0,500,500,500,NA,NA,NA,500,500,NA,NA,500
"158","36061007200",1996,1,500,500,1,1,0,0,0,0,0,0,0,0,1,0,-0.52,NA,-0.26,-0.26,-0.26,NA,500,0,0,0,0,0,0,0,500,0,500,NA,NA,NA,NA,NA,NA,NA,500,NA
"159","36061009200",1996,1,500,500,0,0,1,1,0,0,0,0,1,0,0,1,0.93,NA,0.89,0.89,0.04,NA,0,500,0,0,0,0,500,0,0,500,NA,500,NA,NA,NA,NA,500,NA,NA,500
"160","36061012600",1996,2,11000,5500,1,2,0,0,2,0,0,0.5,0,0,0.5,0,-1.02,0,-0.855,-0.855,-0.165,0.445477272147525,11000,0,0,11000,0,1000,0,0,10000,0,5500,NA,NA,5500,NA,1000,NA,NA,10000,NA
"161","36091062700",1996,2,300,150,0,0,2,1,0,0,0,0,1,0,0,1,-0.06,0,0.675,0.675,-0.735,0.0353553390593274,0,300,0,0,0,0,300,0,0,300,NA,150,NA,NA,NA,NA,150,NA,NA,150
"162","36119013202",1996,1,250,250,1,1,0,0,0,0,0,1,0,0,0,0,-0.68,NA,-0.61,-0.61,-0.0700000000000001,NA,250,0,0,0,0,250,0,0,0,0,250,NA,NA,NA,NA,250,NA,NA,NA,NA
"163","37025042503",1996,1,200,200,1,1,0,0,0,0,0,0,1,0,0,0,1.28,NA,1.23,1.23,0.05,NA,200,0,0,0,0,0,200,0,0,0,200,NA,NA,NA,NA,NA,200,NA,NA,NA
"164","39025040600",1996,4,1750,437.5,0,0,4,1,0,0,0,0.25,0.75,0,0,1,0.26,0,0.73,0.73,-0.47,0.410933895738313,0,1750,0,0,0,500,1250,0,0,1750,NA,437.5,NA,NA,NA,500,416.666666666667,NA,NA,437.5
"165","39035170102",1996,12,10350,862.5,1,12,0,0,0,0,0,0,0.583333333333333,0,0.416666666666667,0.166666666666667,1.2,0,0.895833333333333,0.895833333333333,0.304166666666667,0.252603114258976,10350,0,0,0,0,0,6000,0,4350,3000,862.5,NA,NA,NA,NA,NA,857.142857142857,NA,870,1500
"166","39035179101",1996,1,1000,1000,1,1,0,0,0,0,0,1,0,0,0,1,0.57,NA,-0.71,-0.71,1.28,NA,1000,0,0,0,0,1000,0,0,0,1000,1000,NA,NA,NA,NA,1000,NA,NA,NA,1000
"167","39035187103",1996,1,250,250,1,1,0,0,0,0,0,0,0,0,1,0,-0.43,NA,0,0,0,NA,250,0,0,0,0,0,0,0,250,0,250,NA,NA,NA,NA,NA,NA,NA,250,NA
"168","39079957400",1996,1,450,450,1,1,0,0,0,0,0,0,0,0,1,0,1.22,NA,1.19,1.19,0.03,NA,450,0,0,0,0,0,0,0,450,0,450,NA,NA,NA,NA,NA,NA,NA,450,NA
"169","39099813700",1996,5,4500,900,1,5,0,0,0,0,0,0.6,0.4,0,0,0.8,-0.68,0,-0.318,-0.318,-0.362,0.903863927812146,4500,0,0,0,0,3000,1500,0,0,3500,900,NA,NA,NA,NA,1000,750,NA,NA,875
"170","40037020704",1996,1,2,2,1,1,0,0,0,0,0,0,0,0,1,0,0.23,NA,0.23,0.23,0,NA,2,0,0,0,0,0,0,0,2,0,2,NA,NA,NA,NA,NA,NA,NA,2,NA
"171","40047000200",1996,1,500,500,1,1,0,0,0,0,0,0,0,0,1,0,0.47,NA,0,0,0,NA,500,0,0,0,0,0,0,0,500,0,500,NA,NA,NA,NA,NA,NA,NA,500,NA
"172","40143000700",1996,1,200,200,0,0,1,1,0,0,0,0,1,0,0,1,-0.21,NA,0.83,0.83,-1.04,NA,0,200,0,0,0,0,200,0,0,200,NA,200,NA,NA,NA,NA,200,NA,NA,200
"173","41005020404",1996,1,100,100,1,1,0,0,0,0,0,0,1,0,0,1,0.39,NA,0.76,0.76,-0.37,NA,100,0,0,0,0,0,100,0,0,100,100,NA,NA,NA,NA,NA,100,NA,NA,100
"174","41005022208",1996,1,100,100,1,1,0,0,0,0,0,0,1,0,0,1,0.67,NA,0.25,0.25,0.42,NA,100,0,0,0,0,0,100,0,0,100,100,NA,NA,NA,NA,NA,100,NA,NA,100
"175","41005023002",1996,2,5500,2750,1,2,0,0,0,0,0,0,0,0,1,0,1.06,0,1.19,1.19,-0.13,0,5500,0,0,0,0,0,0,0,5500,0,2750,NA,NA,NA,NA,NA,NA,NA,2750,NA
"176","41005024303",1996,14,12250,875,1,14,0,0,1,0,0,0.285714285714286,0.357142857142857,0,0.357142857142857,0.0714285714285714,0.84,0,0.422142857142857,0.422142857142857,0.357857142857143,0.623552830053823,12250,0,0,500,0,2250,3000,0,7000,500,875,NA,NA,500,NA,562.5,600,NA,1400,500
"177","41017000500",1996,1,300,300,1,1,0,0,0,0,0,1,0,0,0,0,-0.56,NA,-0.5,-0.5,-0.0600000000000001,NA,300,0,0,0,0,300,0,0,0,0,300,NA,NA,NA,NA,300,NA,NA,NA,NA
"178","41019110000",1996,1,500,500,1,1,0,0,0,0,0,0,0,0,1,0,-0.95,NA,0,0,0,NA,500,0,0,0,0,0,0,0,500,0,500,NA,NA,NA,NA,NA,NA,NA,500,NA
"179","41029002700",1996,1,100,100,1,1,0,0,0,0,0,0,1,0,0,1,0.42,NA,0.42,0.42,0,NA,100,0,0,0,0,0,100,0,0,100,100,NA,NA,NA,NA,NA,100,NA,NA,100
"180","41035970200",1996,1,100,100,1,1,0,0,1,0,0,1,0,0,0,1,-0.84,NA,-1,-1,0.16,NA,100,0,0,100,0,100,0,0,0,100,100,NA,NA,100,NA,100,NA,NA,NA,100
"181","41043020500",1996,1,50,50,1,1,0,0,1,0,0,1,0,0,0,1,-0.86,NA,-0.78,-0.78,-0.08,NA,50,0,0,50,0,50,0,0,0,50,50,NA,NA,50,NA,50,NA,NA,NA,50
"182","41047002501",1996,1,500,500,1,1,0,0,0,0,0,0,1,0,0,1,0.64,NA,0.69,0.69,-0.0499999999999999,NA,500,0,0,0,0,0,500,0,0,500,500,NA,NA,NA,NA,NA,500,NA,NA,500
"183","41047002700",1996,1,100,100,1,1,0,0,0,0,0,1,0,0,0,1,0.53,NA,-0.51,-0.51,1.04,NA,100,0,0,0,0,100,0,0,0,100,100,NA,NA,NA,NA,100,NA,NA,NA,100
"184","41051004002",1996,1,300,300,0,0,0,0,0,0,0,0,1,0,0,1,0.83,NA,0.49,0.49,0.34,NA,0,0,0,0,0,0,300,0,0,300,NA,NA,NA,NA,NA,NA,300,NA,NA,300
"185","41051004300",1996,2,2000,1000,1,2,0,0,2,0,0,1,0,0,0,0.5,-0.33,0,-0.52,-0.52,0.19,0,2000,0,0,2000,0,2000,0,0,0,1000,1000,NA,NA,1000,NA,1000,NA,NA,NA,1000
"186","41051005800",1996,1,500,500,1,1,0,0,0,0,0,0,1,0,1,0,1,NA,1.22,1.22,-0.22,NA,500,0,0,0,0,0,500,0,500,0,500,NA,NA,NA,NA,NA,500,NA,500,NA
"187","41067031904",1996,1,100,100,1,1,0,0,0,0,0,0,1,0,0,0,0.75,NA,0.72,0.72,0.03,NA,100,0,0,0,0,0,100,0,0,0,100,NA,NA,NA,NA,NA,100,NA,NA,NA
"188","42017104502",1996,1,250,250,1,1,0,0,0,0,0,0,1,0,0,0,0.24,NA,0.61,0.61,-0.37,NA,250,0,0,0,0,0,250,0,0,0,250,NA,NA,NA,NA,NA,250,NA,NA,NA
"189","42091204900",1996,1,1000,1000,1,1,0,0,0,0,0,1,0,0,0,0,-1.12,NA,-0.54,-0.54,-0.58,NA,1000,0,0,0,0,1000,0,0,0,0,1000,NA,NA,NA,NA,1000,NA,NA,NA,NA
"190","47155080300",1996,2,1250,625,1,2,0,0,0,0,0,0,0,0,1,0,-0.78,0,-1.17,-1.17,0.39,0,1250,0,0,0,0,0,0,0,1250,0,625,NA,NA,NA,NA,NA,NA,NA,625,NA
"191","48029110100",1996,2,750,375,1,2,0,0,0,0,0,0,0,0,1,0,0.27,0,0.27,0.27,0,0,750,0,0,0,0,0,0,0,750,0,375,NA,NA,NA,NA,NA,NA,NA,375,NA
"192","48029180202",1996,1,500,500,0,0,1,1,0,0,0,0,1,0,0,1,0.33,NA,0.93,0.93,-0.6,NA,0,500,0,0,0,0,500,0,0,500,NA,500,NA,NA,NA,NA,500,NA,NA,500
"193","48085031648",1996,15,4500,300,1,15,0,0,0,0,0,0,0,0,1,0,1.06,0,0,0,0,0,4500,0,0,0,0,0,0,0,4500,0,300,NA,NA,NA,NA,NA,NA,NA,300,NA
"194","48113020300",1996,6,1500,250,0,0,0,0,0,0,0,0,1,0,0,1,0.15,0,0.798333333333333,0.798333333333333,-0.648333333333333,0.136735754894858,0,0,0,0,0,0,1500,0,0,1500,NA,NA,NA,NA,NA,NA,250,NA,NA,250
"195","48201323400",1996,1,1000,1000,0,0,0,0,0,0,0,0,0,0,1,0,-1.34,NA,-1.23,-1.23,-0.11,NA,0,0,0,0,0,0,0,0,1000,0,NA,NA,NA,NA,NA,NA,NA,NA,1000,NA
"196","48201450300",1996,2,1000,500,1,2,0,0,0,0,0,0,0,0,1,0,1.08,0,0,0,0,0,1000,0,0,0,0,0,0,0,1000,0,500,NA,NA,NA,NA,NA,NA,NA,500,NA
"197","48423000800",1996,1,260,260,1,1,0,0,0,0,0,0,0,0,1,0,1.44,NA,0,0,0,NA,260,0,0,0,0,0,0,0,260,0,260,NA,NA,NA,NA,NA,NA,NA,260,NA
"198","48491020405",1996,218,185000,848.623853211009,0,0,0,0,0,0,0,0.261467889908257,0.688073394495413,0.00458715596330275,0.0458715596330275,0.435779816513761,0.33,0,0.457522935779817,0.457522935779817,-0.127522935779816,0.561787233554564,0,0,0,0,0,50000,106500,500,28000,79000,NA,NA,NA,NA,NA,877.19298245614,710,500,2800,831.578947368421
"199","48491020505",1996,6,2500,416.666666666667,1,6,0,0,0,0,0,0,1,0,0,0,0.79,0,0.513333333333333,0.513333333333333,0.276666666666667,0.143201489750165,2500,0,0,0,0,0,2500,0,0,0,416.666666666667,NA,NA,NA,NA,NA,416.666666666667,NA,NA,NA
"200","49035100500",1996,1,1000,1000,0,0,1,1,0,0,0,1,0,0,0,0,0.21,NA,-1.15,-1.15,1.36,NA,0,1000,0,0,0,1000,0,0,0,0,NA,1000,NA,NA,NA,1000,NA,NA,NA,NA
"201","49035112613",1996,2,2916,1458,1,2,0,0,0,0,0,0,0,0,1,0,0,0,0,0,0,0,2916,0,0,0,0,0,0,0,2916,0,1458,NA,NA,NA,NA,NA,NA,NA,1458,NA
"202","49047968401",1996,1,300,300,1,1,0,0,0,0,0,1,0,0,0,0,-1.25,NA,-0.54,-0.54,-0.71,NA,300,0,0,0,0,300,0,0,0,0,300,NA,NA,NA,NA,300,NA,NA,NA,NA
"203","50017959400",1996,1,-150,-150,1,1,0,0,0,0,0,1,0,0,0,0,0.69,NA,-0.33,-0.33,1.02,NA,-150,0,0,0,0,-150,0,0,0,0,-150,NA,NA,NA,NA,-150,NA,NA,NA,NA
"204","50023954000",1996,3,700,233.333333333333,1,3,0,0,0,0,0,0,1,0,0,0,0.933333333333333,0.271354626519124,0.61,0.61,0.323333333333333,0.271354626519124,700,0,0,0,0,0,700,0,0,0,233.333333333333,NA,NA,NA,NA,NA,233.333333333333,NA,NA,NA
"205","51013101603",1996,1,250,250,1,1,0,0,0,0,0,0,0,0,1,0,0,NA,0,0,0,NA,250,0,0,0,0,0,0,0,250,0,250,NA,NA,NA,NA,NA,NA,NA,250,NA
"206","51013103800",1996,1,50,50,0,0,0,0,0,0,0,1,0,0,0,1,-1.22,NA,-1.12,-1.12,-0.0999999999999999,NA,0,0,0,0,0,50,0,0,0,50,NA,NA,NA,NA,NA,50,NA,NA,NA,50
"207","51059415800",1996,1,500,500,1,1,0,0,0,0,0,0,1,0,0,0,1.03,NA,0.55,0.55,0.48,NA,500,0,0,0,0,0,500,0,0,0,500,NA,NA,NA,NA,NA,500,NA,NA,NA
"208","51059450701",1996,2,1250,625,1,2,0,0,0,0,0,0,0,0,1,0,-1.09,0,-0.87,-0.87,-0.22,0,1250,0,0,0,0,0,0,0,1250,0,625,NA,NA,NA,NA,NA,NA,NA,625,NA
"209","51059460400",1996,1,500,500,1,1,0,0,0,0,0,0,0,0,1,0,-0.78,NA,0,0,0,NA,500,0,0,0,0,0,0,0,500,0,500,NA,NA,NA,NA,NA,NA,NA,500,NA
"210","51059480402",1996,2,1500,750,1,2,0,0,0,0,0,0.5,0,0,0.5,0,-0.395,0.558614357137373,-0.355,-0.355,-0.04,0.0565685424949239,1500,0,0,0,0,1000,0,0,500,0,750,NA,NA,NA,NA,1000,NA,NA,500,NA
"211","51059492100",1996,1,250,250,1,1,0,0,0,0,0,0,0,0,1,0,-0.69,NA,-0.62,-0.62,-0.07,NA,250,0,0,0,0,0,0,0,250,0,250,NA,NA,NA,NA,NA,NA,NA,250,NA
"212","51067020500",1996,1,1000,1000,1,1,0,0,1,0,0,1,0,0,0,1,0.46,NA,-0.86,-0.86,1.32,NA,1000,0,0,1000,0,1000,0,0,0,1000,1000,NA,NA,1000,NA,1000,NA,NA,NA,1000
"213","51071930300",1996,1,1000,1000,1,1,0,0,0,0,0,1,0,0,0,1,-1.2,NA,-0.91,-0.91,-0.29,NA,1000,0,0,0,0,1000,0,0,0,1000,1000,NA,NA,NA,NA,1000,NA,NA,NA,1000
"214","51153901224",1996,2,750,375,1,2,0,0,0,0,0,1,0,0,0,0,-0.33,0,-0.39,-0.39,0.06,0,750,0,0,0,0,750,0,0,0,0,375,NA,NA,NA,NA,375,NA,NA,NA,NA
"215","51155210202",1996,1,5000,5000,1,1,0,0,0,0,0,0,0,0,1,0,1.13,NA,1.11,1.11,0.0199999999999998,NA,5000,0,0,0,0,0,0,0,5000,0,5000,NA,NA,NA,NA,NA,NA,NA,5000,NA
"216","51161031101",1996,1,250,250,1,1,0,0,0,0,0,0,0,0,1,0,0.87,NA,1.07,1.07,-0.2,NA,250,0,0,0,0,0,0,0,250,0,250,NA,NA,NA,NA,NA,NA,NA,250,NA
"217","51510201900",1996,2,1500,750,1,2,0,0,0,0,0,0,0.5,0,0.5,0,0.525,0.940452018978108,1.105,1.105,-0.58,0.820243866176395,1500,0,0,0,0,0,500,0,1000,0,750,NA,NA,NA,NA,NA,500,NA,1000,NA
"218","51760020600",1996,1,1000,1000,0,0,1,1,0,0,0,0,0,0,1,0,1.25,NA,1.19,1.19,0.0600000000000001,NA,0,1000,0,0,0,0,0,0,1000,0,NA,1000,NA,NA,NA,NA,NA,NA,1000,NA
"219","51800075802",1996,1,250,250,1,1,0,0,0,0,0,1,0,0,0,0,-0.12,NA,-0.56,-0.56,0.44,NA,250,0,0,0,0,250,0,0,0,0,250,NA,NA,NA,NA,250,NA,NA,NA,NA
"220","53005010500",1996,12,10300,858.333333333333,1,12,0,0,5,0,0,0.833333333333333,0.0833333333333333,0,0.166666666666667,0.5,-0.58,0,-0.524166666666667,-0.524166666666667,-0.0558333333333333,0.511725393925178,10300,0,0,4200,0,8800,1000,0,1000,5300,858.333333333333,NA,NA,840,NA,880,1000,NA,500,883.333333333333
"221","53015002002",1996,2,2000,1000,1,2,0,0,0,0,0,0,1,0,0,1,0.93,0,0.69,0.69,0.24,0,2000,0,0,0,0,0,2000,0,0,2000,1000,NA,NA,NA,NA,NA,1000,NA,NA,1000
"222","53033001500",1996,1,300,300,1,1,0,0,0,0,0,1,0,0,0,0,-1.12,NA,-0.56,-0.56,-0.56,NA,300,0,0,0,0,300,0,0,0,0,300,NA,NA,NA,NA,300,NA,NA,NA,NA
"223","53033006500",1996,1,500,500,1,1,0,0,0,0,0,1,0,0,0,1,-1.26,NA,-0.83,-0.83,-0.43,NA,500,0,0,0,0,500,0,0,0,500,500,NA,NA,NA,NA,500,NA,NA,NA,500
"224","53033008100",1996,1,200,200,1,1,0,0,0,0,0,1,0,0,0,0,-0.44,NA,-0.55,-0.55,0.11,NA,200,0,0,0,0,200,0,0,0,0,200,NA,NA,NA,NA,200,NA,NA,NA,NA
"225","53033024903",1996,1,250,250,1,1,0,0,0,0,0,0,0,0,1,0,1.12,NA,1.07,1.07,0.05,NA,250,0,0,0,0,0,0,0,250,0,250,NA,NA,NA,NA,NA,NA,NA,250,NA
"226","53033025301",1996,1,200,200,1,1,0,0,0,0,0,0,1,0,1,0,1.1,NA,1.06,1.06,0.04,NA,200,0,0,0,0,0,200,0,200,0,200,NA,NA,NA,NA,NA,200,NA,200,NA
"227","53033027701",1996,1,250,250,1,1,0,0,0,0,0,1,0,0,0,0,-0.84,NA,-0.76,-0.76,-0.08,NA,250,0,0,0,0,250,0,0,0,0,250,NA,NA,NA,NA,250,NA,NA,NA,NA
"228","53033030600",1996,1,275,275,0,0,0,0,0,0,0,1,0,0,0,1,-0.63,NA,-0.56,-0.56,-0.07,NA,0,0,0,0,0,275,0,0,0,275,NA,NA,NA,NA,NA,275,NA,NA,NA,275
"229","53033032401",1996,1,200,200,1,1,0,0,0,0,0,0,1,0,0,0,1.28,NA,1.23,1.23,0.05,NA,200,0,0,0,0,0,200,0,0,0,200,NA,NA,NA,NA,NA,200,NA,NA,NA
"230","53033032702",1996,2,470,235,1,2,0,0,1,0,0,0.5,0,0,0.5,0,-1.4,0,-1.145,-1.145,-0.255,0.0353553390593273,470,0,0,270,0,270,0,0,200,0,235,NA,NA,270,NA,270,NA,NA,200,NA
"231","53041971200",1996,9,3100,344.444444444444,0,0,1,0.111111111111111,0,0,0,0.111111111111111,0.888888888888889,0,0,1,0.435555555555556,0.0466666666666667,0.49,0.49,-0.0544444444444445,0.468137562878453,0,250,0,0,0,500,2600,0,0,3100,NA,250,NA,NA,NA,500,325,NA,NA,344.444444444444
"232","53047971000",1996,1,199.76,199.76,0,0,0,0,0,0,0,1,0,0,0,1,-1.22,NA,-1.12,-1.12,-0.0999999999999999,NA,0,0,0,0,0,199.76,0,0,0,199.76,NA,NA,NA,NA,NA,199.76,NA,NA,NA,199.76
"233","53053072901",1996,2,1000,500,1,2,0,0,0,0,0,0,0,0,1,0,1.07,0.0707106781186548,1.07,1.07,0,0.0707106781186548,1000,0,0,0,0,0,0,0,1000,0,500,NA,NA,NA,NA,NA,NA,NA,500,NA
"234","53061041202",1996,1,1000,1000,1,1,0,0,0,0,0,1,0,0,0,1,-0.44,NA,-0.8,-0.8,0.36,NA,1000,0,0,0,0,1000,0,0,0,1000,1000,NA,NA,NA,NA,1000,NA,NA,NA,1000
"235","53063011702",1996,3,1350,450,0.666666666666667,2,0,0,0,0,0,0,1,0,0,0.666666666666667,1.06,0.0519615242270664,1.04333333333333,1.04333333333333,0.0166666666666667,0.0288675134594813,1300,0,0,0,0,0,1350,0,0,1050,650,NA,NA,NA,NA,NA,450,NA,NA,525
"236","53065950100",1996,2,500,250,1,2,0,0,0,0,0,0,0,0,1,0,0,0,0,0,0,0,500,0,0,0,0,0,0,0,500,0,250,NA,NA,NA,NA,NA,NA,NA,250,NA
"237","53067010800",1996,73,21850,299.315068493151,0,0,73,1,0,0,0,0.0821917808219178,0.917808219178082,0,0,1,0.25,0,0.677945205479452,0.677945205479452,-0.427945205479452,0.387799915850478,0,21850,0,0,0,1650,20200,0,0,21850,NA,299.315068493151,NA,NA,NA,275,301.492537313433,NA,NA,299.315068493151
"238","53067011720",1996,1,500,500,0,0,1,1,0,0,0,0,1,0,0,1,0.25,NA,1.16,1.16,-0.91,NA,0,500,0,0,0,0,500,0,0,500,NA,500,NA,NA,NA,NA,500,NA,NA,500
"239","53073000901",1996,1,1000,1000,1,1,0,0,0,0,0,0,1,0,0,0,0.67,NA,0.86,0.86,-0.19,NA,1000,0,0,0,0,0,1000,0,0,0,1000,NA,NA,NA,NA,NA,1000,NA,NA,NA
"240","53077002801",1996,2,2000,1000,1,2,0,0,0,0,0,1,0,0,0,0,-1.06,0.141421356237309,-0.54,-0.54,-0.52,0.141421356237309,2000,0,0,0,0,2000,0,0,0,0,1000,NA,NA,NA,NA,1000,NA,NA,NA,NA
"241","54081000804",1996,1,500,500,1,1,0,0,0,0,0,1,0,0,0,0,-0.58,NA,-0.54,-0.54,-0.0399999999999999,NA,500,0,0,0,0,500,0,0,0,0,500,NA,NA,NA,NA,500,NA,NA,NA,NA
"242","55009010300",1996,1,1000,1000,1,1,0,0,0,0,0,0,0,0,1,0,1.09,NA,1.11,1.11,-0.02,NA,1000,0,0,0,0,0,0,0,1000,0,1000,NA,NA,NA,NA,NA,NA,NA,1000,NA
"243","55009940001",1996,1,1000,1000,1,1,0,0,0,0,0,1,0,0,0,0,-1.13,NA,-0.54,-0.54,-0.59,NA,1000,0,0,0,0,1000,0,0,0,0,1000,NA,NA,NA,NA,1000,NA,NA,NA,NA
"244","55053960300",1996,1,500,500,1,1,0,0,0,0,0,0,1,0,0,1,0.99,NA,0.86,0.86,0.13,NA,500,0,0,0,0,0,500,0,0,500,500,NA,NA,NA,NA,NA,500,NA,NA,500
"245","55079017100",1996,1,250,250,0,0,1,1,0,0,0,1,0,0,0,1,0.28,NA,-0.64,-0.64,0.92,NA,0,250,0,0,0,250,0,0,0,250,NA,250,NA,NA,NA,250,NA,NA,NA,250
"246","55079170600",1996,1,300,300,1,1,0,0,0,0,0,1,0,0,0,0,-0.27,NA,-0.23,-0.23,-0.04,NA,300,0,0,0,0,300,0,0,0,0,300,NA,NA,NA,NA,300,NA,NA,NA,NA
"247","55099970100",1996,1,200,200,0,0,1,1,0,0,0,1,0,0,0,1,0.25,NA,-0.83,-0.83,1.08,NA,0,200,0,0,0,200,0,0,0,200,NA,200,NA,NA,NA,200,NA,NA,NA,200
"248","56007968000",1996,1,250,250,1,1,0,0,0,0,0,0,1,0,0,0,1.08,NA,1.06,1.06,0.02,NA,250,0,0,0,0,0,250,0,0,0,250,NA,NA,NA,NA,NA,250,NA,NA,NA
"249","56019955100",1996,1,300,300,0,0,1,1,0,0,0,0,1,0,0,1,0.15,NA,0.92,0.92,-0.77,NA,0,300,0,0,0,0,300,0,0,300,NA,300,NA,NA,NA,NA,300,NA,NA,300
"250","56025001100",1996,1,35,35,1,1,0,0,0,0,0,0,1,0,0,0,1.04,NA,0.99,0.99,0.05,NA,35,0,0,0,0,0,35,0,0,0,35,NA,NA,NA,NA,NA,35,NA,NA,NA
"251","56037970901",1996,1,1000,1000,1,1,0,0,0,0,0,1,0,0,0,0,-1.13,NA,-0.85,-0.85,-0.28,NA,1000,0,0,0,0,1000,0,0,0,0,1000,NA,NA,NA,NA,1000,NA,NA,NA,NA
